Timestamp,PixelX,PixelY,IsValid,GazeOriginX,GazeOriginY,GazeOriginZ,GazeDirectionX,GazeDirectionY,GazeDirectionZ
720.6931,458,518,1,0.00740195,-0.01471477,-0.2516673,0.02399273,0.05039468,0.9984411
720.7188,458,518,1,0.007163752,-0.01470055,-0.2516704,0.02391571,0.05058675,0.9984333
720.743,457,519,1,0.006906509,-0.01469711,-0.251705,0.02373789,0.05084416,0.9984244
720.7681,456,519,1,0.006639437,-0.01470327,-0.2517754,0.02352636,0.05103741,0.9984196
720.7916,456,520,1,0.006346089,-0.0147188,-0.2518845,0.02331368,0.05119581,0.9984165
720.8171,455,520,1,0.006045474,-0.01474104,-0.252029,0.02312438,0.0512994,0.9984156
720.8394,454,521,1,0.005732249,-0.0147736,-0.2522148,0.02293688,0.05141661,0.9984139
720.8665,454,521,1,0.005392961,-0.01481002,-0.2524356,0.0228885,0.05146782,0.9984123
720.8901,454,521,1,0.005060313,-0.01485453,-0.252694,0.02293067,0.05149981,0.9984097
720.9161,454,521,1,0.00471568,-0.01490492,-0.2529824,0.02307909,0.05147064,0.9984078
720.9412,454,521,1,0.004366431,-0.01496296,-0.2533006,0.02331642,0.05144822,0.9984034
720.9669,455,521,1,0.003990818,-0.01502195,-0.2536394,0.02356482,0.05144633,0.9983977
720.9897,455,521,1,0.003636689,-0.0150827,-0.2539942,0.02378736,0.0514864,0.9983904
721.0153,455,521,1,0.003269809,-0.01514556,-0.2543597,0.0240229,0.05153922,0.998382
721.0383,456,521,1,0.002906621,-0.01522154,-0.2547268,0.02428637,0.05165259,0.9983698
721.064,456,521,1,0.002551972,-0.01526135,-0.2550894,0.02450292,0.05172762,0.9983606
721.0883,456,522,1,0.002223887,-0.01529865,-0.2554445,0.024642,0.05184776,0.9983509
721.1123,456,522,1,0.001909291,-0.01533442,-0.2557844,0.02474181,0.05200874,0.9983401
721.1358,457,522,1,0.001607697,-0.01537103,-0.2561091,0.02498495,0.05211472,0.9983285
721.1586,458,522,1,0.0013383,-0.01540589,-0.2564123,0.02528077,0.05215607,0.9983189
721.1845,458,522,1,0.001095443,-0.01544257,-0.2566895,0.02565714,0.05216684,0.9983088
721.2083,459,522,1,0.0008801754,-0.01548362,-0.2569415,0.02594237,0.0521557,0.998302
721.2326,460,522,1,0.0006807699,-0.01552668,-0.2571632,0.02632148,0.05203772,0.9982982
721.2554,461,522,1,0.0005208721,-0.01557282,-0.2573537,0.0268071,0.05192183,0.9982913
721.2795,463,521,1,0.000388162,-0.01562194,-0.2575151,0.02727241,0.05175159,0.9982876
721.3033,464,520,1,0.000290666,-0.01567519,-0.2576519,0.02783776,0.05149774,0.998285
721.3262,466,519,1,0.0002108441,-0.01572767,-0.2577596,0.02843779,0.05119366,0.9982837
721.3521,468,518,1,0.0001597137,-0.01578175,-0.2578406,0.02910894,0.05088398,0.9982802
721.3743,470,517,1,0.0001312654,-0.01583699,-0.257895,0.02977691,0.05051112,0.9982795
721.3972,471,516,1,0.0001103983,-0.01589548,-0.2579299,0.030073,0.0500716,0.9982927
721.4202,470,515,1,0.000109995,-0.01595709,-0.2579468,0.02999721,0.04966768,0.9983152
721.4442,470,514,1,0.0001258037,-0.01602275,-0.2579435,0.02993065,0.0492582,0.9983376
721.4674,469,513,1,0.0001992061,-0.0160948,-0.2579277,0.02962306,0.04896047,0.9983613
721.4917,468,512,1,0.0003131906,-0.01616978,-0.257897,0.02911394,0.04873709,0.9983872
721.5165,466,511,1,0.000486512,-0.0162496,-0.257855,0.02847794,0.04854832,0.9984148
721.5393,465,511,1,0.0006629363,-0.01632814,-0.2577978,0.02789638,0.04834908,0.9984409
721.5657,463,510,1,0.0008763685,-0.01640578,-0.2577318,0.02725592,0.04826388,0.9984627
721.5896,461,510,1,0.001096044,-0.01648057,-0.2576518,0.0265438,0.04825316,0.9984824
721.6144,459,510,1,0.001301918,-0.01655149,-0.2575596,0.02584991,0.04823747,0.9985014
721.6373,458,510,1,0.001505549,-0.01661812,-0.2574541,0.02541017,0.04817808,0.9985155
721.6617,458,510,1,0.001718239,-0.01668389,-0.2573395,0.02527735,0.04805035,0.998525
721.6855,458,509,1,0.00194299,-0.01674886,-0.2572121,0.02535858,0.04788407,0.998531
721.7121,459,509,1,0.002145984,-0.01681132,-0.2570703,0.02542409,0.04773751,0.9985363
721.7381,459,508,1,0.002361851,-0.01687439,-0.2569155,0.02565477,0.0476107,0.9985365
721.7626,461,508,1,0.00255818,-0.01693839,-0.2567521,0.02599442,0.04746348,0.9985347
721.7892,462,507,1,0.002723073,-0.01700491,-0.25658,0.02641166,0.04723432,0.9985346
721.8151,463,506,1,0.002847443,-0.0170706,-0.2563987,0.02691618,0.0469594,0.9985341
721.837,465,505,1,0.00294794,-0.01713354,-0.2562072,0.02739974,0.04668698,0.9985337
721.8588,466,504,1,0.003012834,-0.01719453,-0.2560118,0.02786846,0.04644062,0.9985322
721.8828,468,504,1,0.003039443,-0.01725324,-0.2558109,0.02834875,0.04622229,0.9985288
721.9073,469,503,1,0.003041602,-0.01731104,-0.2556044,0.0288082,0.04601859,0.998525
721.9309,470,503,1,0.003034967,-0.0173692,-0.2553953,0.02928643,0.04586477,0.9985183
721.9557,472,502,1,0.003019613,-0.01742703,-0.2551806,0.02978919,0.04574122,0.998509
721.9779,473,502,1,0.002976317,-0.01748435,-0.2549571,0.03030942,0.04563524,0.9984983
722.0008,475,501,1,0.00289824,-0.01754192,-0.2547259,0.03106657,0.04532745,0.998489
722.0227,478,500,1,0.002789675,-0.01760063,-0.2544872,0.03196696,0.04492335,0.9984789
722.0471,481,498,1,0.00265272,-0.0176605,-0.2542399,0.03294298,0.04442886,0.9984692
722.0709,483,497,1,0.002491444,-0.01772228,-0.25398,0.03385457,0.04391942,0.9984614
722.0968,486,495,1,0.002296796,-0.01778549,-0.2537089,0.03483497,0.0432877,0.9984552
722.1199,489,493,1,0.002048175,-0.01784502,-0.253425,0.03591018,0.04255266,0.9984487
722.1469,492,491,1,0.00178857,-0.01789661,-0.2531301,0.03696173,0.04186807,0.9984392
722.1708,495,489,1,0.001507265,-0.01793247,-0.2528212,0.03813082,0.04130042,0.9984189
722.1943,498,488,1,0.001212155,-0.01795018,-0.2525043,0.03934846,0.04081231,0.9983917
722.2181,501,486,1,0.0009179623,-0.01794897,-0.2521768,0.04059885,0.04039595,0.9983586
722.2452,505,485,1,0.0006221829,-0.01793313,-0.251844,0.04182823,0.03999404,0.998324
722.2679,508,484,1,0.0003233295,-0.01790402,-0.2515039,0.0429763,0.03952146,0.9982941
722.2899,510,482,1,-3.59409E-06,-0.0178676,-0.2511634,0.04368348,0.03897413,0.9982849
722.3134,510,481,1,-0.0003431352,-0.01782645,-0.2508236,0.04407468,0.03839863,0.9982901
722.3369,511,479,1,-0.0006765875,-0.01778497,-0.2504874,0.04445226,0.03777742,0.9982969
722.3614,512,477,1,-0.00103582,-0.01774372,-0.2501575,0.04467096,0.03709951,0.9983127
722.3859,512,475,1,-0.001448745,-0.01770269,-0.2498357,0.04484821,0.03636866,0.9983317
722.4105,512,473,1,-0.001852251,-0.01766552,-0.249527,0.04508254,0.03562376,0.9983479
722.4351,512,471,1,-0.002297797,-0.01763044,-0.2492322,0.04532908,0.03489597,0.9983624
722.457,513,469,1,-0.002721467,-0.01760028,-0.2489586,0.04546016,0.03420849,0.9983803
722.4798,512,467,1,-0.003165916,-0.01757458,-0.2487034,0.04549791,0.03357825,0.9983999
722.5047,512,465,1,-0.003604258,-0.01755775,-0.2484711,0.04552238,0.03290902,0.9984211
722.5279,511,463,1,-0.00406561,-0.01754782,-0.2482606,0.04542279,0.03228221,0.9984461
722.5517,510,462,1,-0.004544255,-0.01754497,-0.2480704,0.04512509,0.03175924,0.9984764
722.5748,509,460,1,-0.005011909,-0.0175525,-0.2479021,0.0447366,0.0312381,0.9985102
722.5981,506,459,1,-0.005479843,-0.01757023,-0.2477542,0.04388637,0.03077693,0.9985623
722.6211,502,457,1,-0.00595431,-0.01759614,-0.2476249,0.04284358,0.03034443,0.9986209
722.6447,499,456,1,-0.006409402,-0.01763193,-0.2475113,0.04177885,0.02996174,0.9986776
722.6686,495,455,1,-0.00685343,-0.01767593,-0.2474138,0.04061089,0.02957663,0.9987372
722.6918,492,454,1,-0.007267837,-0.01772632,-0.247329,0.03943116,0.02918663,0.9987959
722.7168,488,453,1,-0.007645579,-0.01778094,-0.2472558,0.03828246,0.02878935,0.9988521
722.7415,397,427,1,-0.01653095,-0.01913869,-0.2455724,0.009066471,0.0203402,0.999752
722.7669,397,427,1,-0.01649556,-0.01913794,-0.2455729,0.009019691,0.02039834,0.9997513
722.7947,397,428,1,-0.01644481,-0.01913525,-0.2455693,0.00891266,0.02053174,0.9997495
722.8168,396,428,1,-0.01637385,-0.0191321,-0.2455568,0.008787045,0.02073222,0.9997464
722.8387,396,429,1,-0.01629227,-0.01912886,-0.2455356,0.008583267,0.02096508,0.9997433
722.8636,396,430,1,-0.01618092,-0.01912482,-0.2455026,0.008743213,0.02112397,0.9997386
722.8871,397,430,1,-0.01601836,-0.01912258,-0.2454515,0.009032636,0.02138411,0.9997305
722.9113,398,431,1,-0.01584466,-0.0191289,-0.245388,0.009283758,0.02160924,0.9997234
722.9356,399,431,1,-0.01569455,-0.01913962,-0.2453136,0.0097486,0.02176894,0.9997155
722.9571,402,432,1,-0.01550573,-0.01915338,-0.2452253,0.01041795,0.02182418,0.9997076
722.981,404,432,1,-0.01531222,-0.01916662,-0.245121,0.01118573,0.02190239,0.9996975
723.0053,406,432,1,-0.01510873,-0.01917994,-0.2450005,0.01195797,0.02200306,0.9996864
723.0271,409,432,1,-0.01491208,-0.01918994,-0.2448656,0.0127885,0.02207568,0.9996745
723.0482,411,433,1,-0.01470723,-0.01919819,-0.244716,0.013548,0.02215846,0.9996627
723.0687,413,433,1,-0.01450324,-0.0192032,-0.2445569,0.01423046,0.02224686,0.9996513
723.0852,415,433,1,-0.01429191,-0.01920503,-0.2443883,0.01482076,0.02236113,0.9996401
723.1014,416,434,1,-0.01407134,-0.01919407,-0.2441673,0.01520363,0.02264316,0.9996279
723.1187,417,435,1,-0.01385468,-0.01919377,-0.2439384,0.01551192,0.02289742,0.9996175
723.1348,418,435,1,-0.01364028,-0.01920411,-0.2437061,0.01577555,0.02307923,0.9996092
723.1519,420,436,1,-0.01341112,-0.01921309,-0.2434664,0.01628471,0.02322379,0.9995977
723.1682,422,436,1,-0.01318136,-0.01922901,-0.2432252,0.01679682,0.02332225,0.9995869
723.1853,424,436,1,-0.01293952,-0.01925322,-0.2429841,0.01749394,0.02347263,0.9995714
723.2014,426,436,1,-0.01269721,-0.01928874,-0.2427426,0.01823252,0.02354291,0.9995565
723.2184,429,436,1,-0.01248622,-0.01932264,-0.2425049,0.01911299,0.02352642,0.9995405
723.2352,432,436,1,-0.01227464,-0.01934809,-0.2422626,0.02001134,0.02348061,0.999524
723.2529,435,436,1,-0.01205574,-0.01937873,-0.2420179,0.02100886,0.02354485,0.999502
723.2697,438,436,1,-0.0118367,-0.01941546,-0.2417757,0.0219937,0.02354081,0.9994809
723.2861,440,436,1,-0.01167083,-0.01944566,-0.2415358,0.02290113,0.02350809,0.9994613
723.302,443,436,1,-0.0115088,-0.01947332,-0.2412937,0.0237864,0.02346831,0.9994415
723.3198,438,436,1,-0.01132735,-0.01950697,-0.24106,0.02184629,0.02364649,0.9994817
723.336,432,437,1,-0.01114391,-0.01954568,-0.2408238,0.0199744,0.02379274,0.9995173
723.3532,427,437,1,-0.01080418,-0.01958303,-0.2406031,0.01810882,0.02389153,0.9995505
723.3681,422,437,1,-0.01047072,-0.01962468,-0.2403825,0.01631328,0.02401286,0.9995786
723.3847,417,438,1,-0.01015889,-0.01966712,-0.2401668,0.01451468,0.0241192,0.9996037
723.4012,413,438,1,-0.009852838,-0.01972101,-0.2399585,0.01277029,0.02418015,0.999626
723.4187,298,437,1,-0.001446061,-0.02099896,-0.2350049,-0.02952623,0.02439101,0.9992663
723.4367,298,437,1,-0.001437157,-0.02099973,-0.2350077,-0.02954409,0.02437432,0.9992663
723.4534,297,437,1,-0.001402477,-0.0210097,-0.2350112,-0.02960842,0.02429011,0.9992664
723.4711,297,437,1,-0.001363412,-0.02102184,-0.2350193,-0.02968209,0.02414583,0.9992677
723.4862,297,436,1,-0.001302828,-0.02102502,-0.2350336,-0.02974872,0.02395663,0.9992703
723.504,297,436,1,-0.001233628,-0.02101965,-0.2350401,-0.02980405,0.0238439,0.9992713
723.5186,297,436,1,-0.001173489,-0.02102022,-0.2350519,-0.02983694,0.02381169,0.9992711
723.5351,297,436,1,-0.001107393,-0.02103155,-0.2350647,-0.02986788,0.02375549,0.9992716
723.552,297,435,1,-0.001022948,-0.021047,-0.2350781,-0.02983444,0.02364574,0.9992751
723.5687,297,435,1,-0.0009321681,-0.0210579,-0.2350923,-0.02977443,0.02351311,0.9992801
723.585,298,435,1,-0.000843803,-0.02106504,-0.2351121,-0.02967546,0.02341264,0.9992853
723.6021,298,434,1,-0.000751067,-0.02107702,-0.2351325,-0.02956441,0.02333441,0.9992905
723.619,298,434,1,-0.0006488863,-0.02109162,-0.2351523,-0.02944421,0.02324929,0.999296
723.636,299,434,1,-0.0005454497,-0.02110606,-0.2351772,-0.02931615,0.02312858,0.9993026
723.653,299,433,1,-0.0004038696,-0.02111797,-0.2352027,-0.02916768,0.02301748,0.9993094
723.6686,300,433,1,-0.0002614089,-0.02113139,-0.2352326,-0.02901776,0.02293084,0.9993159
723.6853,301,433,1,-0.0001105902,-0.02114859,-0.235263,-0.02887579,0.0228698,0.9993213
723.7021,301,433,1,3.883916E-05,-0.02116968,-0.2352954,-0.02873361,0.0228186,0.9993266
723.7192,302,432,1,0.0002039999,-0.02119013,-0.23533,-0.0286003,0.0227235,0.9993326
723.7359,302,432,1,0.0003686434,-0.02120468,-0.2353669,-0.02847559,0.02261829,0.9993385
723.7532,302,431,1,0.0005266491,-0.02121918,-0.235402,-0.02843076,0.02239132,0.9993449
723.7695,303,431,1,0.0006799896,-0.02123212,-0.2354416,-0.02838733,0.02217811,0.9993509
723.7862,303,430,1,0.0008368044,-0.02124161,-0.2354812,-0.02837295,0.02185284,0.9993585
723.8023,303,429,1,0.0009877291,-0.02125181,-0.2355218,-0.02834766,0.02155596,0.9993657
723.819,303,429,1,0.0009877291,-0.02125181,-0.2355218,-0.02834766,0.02155596,0.9993657
723.8361,303,429,1,0.0009877291,-0.02125181,-0.2355218,-0.02834766,0.02155596,0.9993657
723.8542,303,426,1,0.001090616,-0.02126074,-0.2355684,-0.02837921,0.02040578,0.9993889
723.8695,303,423,1,0.00118846,-0.02126601,-0.2356144,-0.02842355,0.01929676,0.9994097
723.8864,303,418,1,0.001237388,-0.02126963,-0.2356549,-0.02851113,0.01763043,0.999438
723.902,302,413,1,0.001282832,-0.02127591,-0.2356959,-0.02861314,0.01605911,0.9994615
723.9195,302,408,1,0.001271394,-0.02128408,-0.2357338,-0.02875141,0.01407475,0.9994875
723.9362,302,402,1,0.001261002,-0.02128875,-0.235766,-0.02888512,0.01216639,0.9995087
723.9525,301,396,1,0.001230087,-0.02129936,-0.2357931,-0.02902945,0.009992995,0.9995286
723.9693,301,390,1,0.001197162,-0.02131043,-0.2358188,-0.02916237,0.007892957,0.9995435
723.986,294,229,1,-3.71458E-06,-0.02159132,-0.2364174,-0.03125275,-0.04788388,0.9983639
724.002,294,229,1,-4.11409E-06,-0.02158614,-0.2364154,-0.03124328,-0.04788258,0.9983643
724.0198,294,229,1,-4.634236E-05,-0.02157945,-0.23641,-0.03119783,-0.04801704,0.9983592
724.0363,294,229,1,-9.176926E-05,-0.02157375,-0.2364022,-0.0311359,-0.04812564,0.9983559
724.0534,294,228,1,-0.0002012008,-0.02156835,-0.2363956,-0.03106223,-0.0483577,0.998347
724.0694,294,227,1,-0.0003079193,-0.02155996,-0.236385,-0.03098508,-0.04857444,0.9983389
724.0873,294,227,1,-0.0004671579,-0.0215547,-0.2363721,-0.03091705,-0.04884767,0.9983276
724.1023,294,226,1,-0.000624668,-0.02154893,-0.2363589,-0.03084746,-0.04913744,0.9983155
724.1193,294,225,1,-0.0008105395,-0.02154267,-0.236347,-0.03080907,-0.04945608,0.998301
724.1359,294,224,1,-0.0009925682,-0.02153741,-0.2363346,-0.03077499,-0.04976592,0.9982866
724.1532,294,223,1,-0.001215047,-0.0215272,-0.2363193,-0.03076869,-0.0500568,0.9982723
724.1708,294,222,1,-0.001430122,-0.02151822,-0.2363045,-0.03076107,-0.05031582,0.9982595
724.1867,294,222,1,-0.001631658,-0.02151068,-0.2362866,-0.03076029,-0.05052466,0.9982491
724.204,294,221,1,-0.00182666,-0.02150651,-0.2362718,-0.03074998,-0.05072778,0.998239
724.2216,294,221,1,-0.001978185,-0.02150027,-0.236255,-0.03074944,-0.05095404,0.9982275
724.2351,294,220,1,-0.002125277,-0.02149214,-0.2362381,-0.03072483,-0.05116551,0.9982175
724.2523,294,230,1,-0.00233793,-0.02145637,-0.2362319,-0.03046858,-0.04756007,0.9984035
724.27,295,240,1,-0.002544882,-0.02142186,-0.2362239,-0.03019626,-0.04406666,0.9985722
724.2863,294,256,1,-0.002809637,-0.02136922,-0.2362203,-0.03023655,-0.03865742,0.9987949
724.3022,294,271,1,-0.003066424,-0.02131712,-0.2362165,-0.03026929,-0.03347439,0.9989811
724.3193,294,285,1,-0.00326525,-0.02126835,-0.2362158,-0.03019762,-0.02851432,0.9991371
724.3361,294,299,1,-0.003459126,-0.0212187,-0.2362172,-0.03013831,-0.02374348,0.9992636
724.3531,294,312,1,-0.003513958,-0.02118245,-0.2362231,-0.03009472,-0.01917649,0.9993631
724.3694,294,325,1,-0.003566208,-0.02114194,-0.2362343,-0.03007586,-0.01479398,0.9994381
724.3851,294,337,1,-0.003621965,-0.02109739,-0.2362415,-0.03005434,-0.01049295,0.9994932
724.401,295,638,1,-0.004954562,-0.01994443,-0.2364593,-0.02952407,0.09369656,0.995163
724.4186,295,638,1,-0.005018841,-0.01994038,-0.2364623,-0.02951461,0.09369546,0.9951633
724.4351,295,638,1,-0.005080193,-0.01993985,-0.236467,-0.02949987,0.09371603,0.9951618
724.4529,294,639,1,-0.005163239,-0.01993776,-0.2364754,-0.0295006,0.09374623,0.995159
724.4696,294,639,1,-0.005238447,-0.01993684,-0.2364903,-0.02947508,0.09375905,0.9951585
724.4861,294,638,1,-0.005291167,-0.01993396,-0.2365049,-0.02948062,0.093721,0.9951619
724.503,294,638,1,-0.005343096,-0.01992756,-0.2365237,-0.02946568,0.09370477,0.9951639
724.519,294,638,1,-0.005338129,-0.01992502,-0.2365481,-0.0295369,0.09373514,0.995159
724.5357,294,639,1,-0.005330111,-0.01992452,-0.2365765,-0.02961325,0.09376425,0.9951539
724.5526,294,639,1,-0.005288399,-0.01992871,-0.2366092,-0.02974132,0.09381165,0.9951457
724.5692,293,639,1,-0.005246313,-0.01993156,-0.2366447,-0.02985899,0.09384795,0.9951386
724.5859,293,639,1,-0.00515965,-0.0199355,-0.2366894,-0.03002128,0.09388629,0.9951302
724.6038,293,639,1,-0.005076796,-0.01993522,-0.2367376,-0.03018494,0.0939406,0.9951202
724.6198,292,639,1,-0.004961225,-0.01993911,-0.236791,-0.03040078,0.0940218,0.9951059
724.6368,291,640,1,-0.004847628,-0.01993611,-0.2368488,-0.03061423,0.0941085,0.9950911
724.6542,291,640,1,-0.004699599,-0.01993688,-0.2369081,-0.03084365,0.09419572,0.9950758
724.6699,290,640,1,-0.004557483,-0.01993671,-0.2369716,-0.03106368,0.09431469,0.9950577
724.6874,290,641,1,-0.004456669,-0.0199385,-0.2370426,-0.03128231,0.09442003,0.9950408
724.7031,289,641,1,-0.004357437,-0.019937,-0.2371166,-0.03150132,0.09452248,0.9950242
724.7189,289,642,1,-0.004259906,-0.01993218,-0.237194,-0.03166823,0.09480695,0.9949919
724.7361,288,643,1,-0.00416474,-0.01992882,-0.2372758,-0.03183423,0.09509533,0.9949591
724.7544,288,644,1,-0.004074285,-0.01992403,-0.2373613,-0.03193895,0.09551579,0.9949154
724.7688,288,645,1,-0.003984849,-0.01991609,-0.237451,-0.0320513,0.09594019,0.994871
724.7852,288,646,1,-0.003888699,-0.01991016,-0.2375449,-0.03214264,0.09642009,0.9948217
724.8029,288,648,1,-0.003793096,-0.01990462,-0.2376391,-0.03223036,0.09689697,0.9947724
724.8184,288,649,1,-0.00373179,-0.0199022,-0.2377381,-0.03226826,0.09739967,0.9947221
724.8352,287,651,1,-0.003673178,-0.01989888,-0.2378379,-0.03230041,0.09785482,0.9946764
724.8531,277,645,1,-0.00364253,-0.01990782,-0.2379364,-0.03590472,0.09605654,0.9947281
724.8682,267,640,1,-0.003613357,-0.01991707,-0.2380388,-0.0393826,0.0943362,0.9947611
724.8845,258,635,1,-0.00364644,-0.01992709,-0.2381349,-0.04266052,0.09262208,0.994787
724.9011,248,631,1,-0.003681764,-0.01993361,-0.2382299,-0.04581548,0.09095812,0.9948003
724.9183,240,626,1,-0.003737079,-0.01993605,-0.2383242,-0.04879826,0.08934438,0.9948047
724.9351,231,622,1,-0.003792886,-0.0199396,-0.2384155,-0.05167355,0.08779088,0.9947978
724.9527,30,511,1,-0.004979727,-0.02001867,-0.2406922,-0.1207372,0.04926912,0.9914611
724.9693,30,511,1,-0.004981379,-0.02001813,-0.2406942,-0.1207549,0.04926891,0.9914589
724.9855,30,511,1,-0.004976139,-0.02001902,-0.2406977,-0.120792,0.04925822,0.991455
725.0023,30,511,1,-0.004971992,-0.02001581,-0.2407005,-0.1208389,0.04923345,0.9914505
725.0194,29,511,1,-0.004986089,-0.02000517,-0.240704,-0.1209036,0.04921914,0.9914433
725.036,29,511,1,-0.005002143,-0.01999521,-0.2407077,-0.1209679,0.04923593,0.9914346
725.0532,29,511,1,-0.00500638,-0.01998836,-0.2407106,-0.1210204,0.04922083,0.991429
725.0712,29,511,1,-0.005011893,-0.0199825,-0.2407146,-0.1210713,0.04919328,0.9914241
725.0869,29,510,1,-0.005026517,-0.019976,-0.2407185,-0.1210671,0.04911619,0.9914285
725.1025,29,510,1,-0.005037974,-0.01997063,-0.2407246,-0.1210478,0.04902968,0.9914351
725.1188,29,510,1,-0.00507173,-0.0199608,-0.2407281,-0.120958,0.0489205,0.9914514
725.1361,29,510,1,-0.005109752,-0.01995256,-0.2407331,-0.1208612,0.04884051,0.9914672
725.1525,30,509,1,-0.005139874,-0.01994929,-0.2407375,-0.1207632,0.04876822,0.9914827
725.1685,30,509,1,-0.005169808,-0.01994997,-0.2407427,-0.1206843,0.04867003,0.9914972
725.1854,30,509,1,-0.005210172,-0.019951,-0.2407447,-0.120626,0.04852454,0.9915113
725.2017,30,508,1,-0.005248771,-0.01995069,-0.2407408,-0.1205721,0.04836958,0.9915255
725.2192,30,508,1,-0.005326354,-0.01994774,-0.2407394,-0.1205933,0.04808734,0.9915366
725.2356,30,507,1,-0.005399265,-0.01994349,-0.2407331,-0.1206151,0.04783272,0.9915463
725.2527,30,500,1,-0.005280515,-0.01996571,-0.2407257,-0.1207812,0.04556449,0.9916328
725.2684,29,494,1,-0.005164864,-0.01999169,-0.2407168,-0.1209347,0.04334636,0.9917136
725.2853,29,487,1,-0.005067551,-0.02001433,-0.2407039,-0.1210818,0.04118016,0.991788
725.3011,29,481,1,-0.004971915,-0.02003405,-0.2406884,-0.1211997,0.03909198,0.9918581
725.3195,28,475,1,-0.004919915,-0.020053,-0.240668,-0.121296,0.03704922,0.9919246
725.3362,28,470,1,-0.004866306,-0.0200754,-0.2406429,-0.1213589,0.03505201,0.9919896
725.3544,26,327,1,-0.003237853,-0.0207811,-0.2400768,-0.1226453,-0.01397743,0.9923522
725.3691,26,327,1,-0.003237901,-0.02077934,-0.2400772,-0.1226286,-0.01401122,0.9923537
725.386,26,327,1,-0.003196745,-0.02077672,-0.2400782,-0.1226271,-0.01404271,0.9923534
725.4017,26,327,1,-0.0031561,-0.02077391,-0.2400741,-0.1226176,-0.01405543,0.9923545
725.4189,26,327,1,-0.0031561,-0.02077391,-0.2400741,-0.1226176,-0.01405543,0.9923545
725.4355,26,327,1,-0.0031561,-0.02077391,-0.2400741,-0.1226176,-0.01405543,0.9923545
725.4529,26,325,1,-0.003149384,-0.02077539,-0.2400708,-0.122677,-0.01472115,0.9923374
725.4694,26,323,1,-0.003142353,-0.02077013,-0.2400647,-0.1227478,-0.01529915,0.9923199
725.4861,25,321,1,-0.003137782,-0.0207664,-0.2400523,-0.1228787,-0.01625217,0.9922886
725.5048,25,318,1,-0.003134356,-0.02077383,-0.2400384,-0.123002,-0.0171621,0.992258
725.5197,25,314,1,-0.00315533,-0.02077832,-0.2400225,-0.123161,-0.0183781,0.9922165
725.5371,24,311,1,-0.003177001,-0.02078234,-0.2400043,-0.1233143,-0.0195523,0.992175
725.5545,24,307,1,-0.003222138,-0.02078481,-0.2399824,-0.1234742,-0.02087299,0.9921283
725.57,23,303,1,-0.003264927,-0.02078734,-0.2399556,-0.1236243,-0.02214637,0.9920819
725.5866,23,299,1,-0.003315844,-0.02079085,-0.2399255,-0.123791,-0.02351636,0.9920295
725.6025,22,296,1,-0.003369936,-0.02079973,-0.239894,-0.1239551,-0.0248383,0.9919769
725.6199,21,292,1,-0.003453925,-0.02081159,-0.2398603,-0.124102,-0.02620963,0.9919232
725.6369,21,288,1,-0.003531091,-0.020812,-0.2398265,-0.1242627,-0.02755936,0.9918666
725.6537,5,197,1,-0.005953033,-0.02063056,-0.238824,-0.1289241,-0.05871098,0.9899149
725.6706,5,197,1,-0.005953867,-0.02063204,-0.2388176,-0.12892,-0.05866911,0.9899179
725.6863,5,197,1,-0.005949717,-0.02064523,-0.2388125,-0.1289639,-0.05874722,0.9899076
725.7038,5,197,1,-0.005945681,-0.02065441,-0.2388004,-0.1289975,-0.05884961,0.9898971
725.7193,5,197,1,-0.005940165,-0.02066138,-0.2387858,-0.129019,-0.05894013,0.989889
725.7351,5,141,1,-0.007519382,-0.0206067,-0.2387348,-0.1283615,-0.07815836,0.9886428
725.752,5,87,1,-0.009038324,-0.02055517,-0.2386844,-0.127675,-0.09665678,0.987095
725.769,5,87,1,-0.009038324,-0.02055517,-0.2386844,-0.127675,-0.09665678,0.987095
725.7859,7,109,1,-0.009240225,-0.02051087,-0.2386655,-0.1272468,-0.08893286,0.9878761
725.8016,8,131,1,-0.009431751,-0.02047212,-0.2386473,-0.1268445,-0.08149389,0.9885693
725.8193,9,152,1,-0.009515459,-0.02044439,-0.2386306,-0.1265106,-0.07436579,0.9891738
725.8369,10,172,1,-0.009595372,-0.02041926,-0.2386119,-0.1261991,-0.0675341,0.9897035
725.8538,11,191,1,-0.009599254,-0.02039089,-0.2385975,-0.1259554,-0.06091963,0.9901636
725.8697,12,210,1,-0.009600039,-0.02036181,-0.238581,-0.1257214,-0.05452659,0.990566
725.887,12,228,1,-0.009538758,-0.02034026,-0.2385643,-0.1255423,-0.04825978,0.9909137
725.9048,29,664,1,-0.007988665,-0.02003163,-0.2381983,-0.1197018,0.1016562,0.9875917
725.9193,29,664,1,-0.007915174,-0.02002922,-0.2382,-0.1197178,0.101655,0.98759
725.9365,29,664,1,-0.007840696,-0.02002112,-0.2382042,-0.1197263,0.1016668,0.9875877
725.9537,29,664,1,-0.007741958,-0.02001893,-0.2382078,-0.119753,0.1016698,0.9875842
725.9706,29,664,1,-0.007644859,-0.02002013,-0.2382163,-0.1197661,0.1016596,0.9875835
725.9868,30,664,1,-0.007525919,-0.02001969,-0.2382299,-0.119771,0.1016455,0.9875845
726.0026,30,664,1,-0.007408762,-0.02001829,-0.2382462,-0.1197627,0.101635,0.9875866
726.0196,30,664,1,-0.007260164,-0.02001837,-0.2382645,-0.1197679,0.1016734,0.987582
726.0369,30,664,1,-0.007115446,-0.02002051,-0.2382895,-0.1197703,0.1017301,0.9875758
726.0541,30,664,1,-0.006957705,-0.02002487,-0.2383187,-0.1197341,0.1017872,0.9875744
726.0698,30,664,1,-0.006803879,-0.02002647,-0.2383497,-0.119696,0.1018447,0.987573
726.0866,31,664,1,-0.006662706,-0.02002478,-0.238384,-0.1196145,0.1019363,0.9875735
726.1028,31,665,1,-0.006524029,-0.02002416,-0.2384239,-0.1195322,0.102043,0.9875725
726.1202,31,665,1,-0.006351384,-0.02002305,-0.2384693,-0.1194304,0.1021084,0.9875779
726.1363,32,665,1,-0.006180695,-0.02002071,-0.2385153,-0.1193202,0.1021919,0.9875827
726.1536,32,665,1,-0.006010199,-0.02001481,-0.2385676,-0.1191467,0.102279,0.9875946
726.1693,33,666,1,-0.005844543,-0.02000969,-0.2386248,-0.1189683,0.1023791,0.9876058
726.187,34,666,1,-0.005687905,-0.0199996,-0.2386855,-0.1188616,0.1024036,0.9876161
726.2025,34,666,1,-0.005537525,-0.01999022,-0.2387493,-0.1187524,0.1024384,0.9876256
726.2197,34,666,1,-0.005404495,-0.01997874,-0.2388179,-0.1186995,0.1024603,0.9876296
726.2375,34,666,1,-0.005277901,-0.01996798,-0.2388909,-0.1186572,0.1024917,0.9876315
726.2541,35,666,1,-0.005197729,-0.01996122,-0.2389673,-0.1186518,0.1024891,0.9876324
726.2707,35,666,1,-0.005118818,-0.01994409,-0.239051,-0.1186718,0.1024785,0.987631
726.2867,36,666,1,-0.005101075,-0.01991772,-0.2391302,-0.1183321,0.1023922,0.9876808
726.3026,37,666,1,-0.005078613,-0.01989604,-0.2392108,-0.1179958,0.1023444,0.987726
726.3199,48,661,1,-0.004634828,-0.01991677,-0.239307,-0.1141121,0.1008522,0.9883356
726.3377,60,657,1,-0.004210413,-0.01993715,-0.2394044,-0.1103565,0.09938868,0.9889102
726.3535,71,653,1,-0.003863584,-0.01994874,-0.2395,-0.1066669,0.09800227,0.9894532
726.3695,82,649,1,-0.003526343,-0.01995823,-0.2396016,-0.1030974,0.09667595,0.989962
726.386,92,645,1,-0.003212557,-0.01996353,-0.2397021,-0.09963329,0.09537224,0.9904431
726.4025,102,641,1,-0.002915639,-0.01997382,-0.2398037,-0.09629418,0.094107,0.9908942
726.4199,341,546,1,0.004643942,-0.02029878,-0.2424382,-0.01610183,0.06170636,0.9979645
726.4367,341,546,1,0.004644004,-0.02029295,-0.2424452,-0.01612274,0.06169727,0.9979647
726.4537,341,545,1,0.004653516,-0.02028901,-0.2424552,-0.01617053,0.0616471,0.9979671
726.47,340,545,1,0.004661661,-0.02028426,-0.2424682,-0.01622924,0.06162835,0.9979672
726.4867,339,544,1,0.004640179,-0.02028244,-0.2424879,-0.01652957,0.06120806,0.9979881
726.503,339,543,1,0.004619502,-0.02027614,-0.2425061,-0.01683499,0.06081175,0.9980073
726.5197,337,541,1,0.004624614,-0.02027327,-0.2425295,-0.01728073,0.06024121,0.9980343
726.5367,336,540,1,0.004630756,-0.02026916,-0.2425562,-0.01771664,0.05969607,0.9980594
726.5538,335,538,1,0.004629042,-0.02026468,-0.2425864,-0.018217,0.05901161,0.998091
726.5706,333,536,1,0.00462773,-0.02025978,-0.2426161,-0.01869207,0.0583651,0.9981203
726.5865,332,534,1,0.004630174,-0.0202523,-0.2426454,-0.01918443,0.05767138,0.9981513
726.6025,330,532,1,0.004636136,-0.02024746,-0.2426789,-0.01964667,0.05701642,0.9981799
726.6201,329,530,1,0.00461947,-0.02024427,-0.2427101,-0.02005047,0.05629693,0.9982127
726.6367,328,528,1,0.004605659,-0.02024328,-0.2427475,-0.02042579,0.05558058,0.9982452
726.6538,327,526,1,0.004585288,-0.0202393,-0.2427847,-0.02079534,0.05479964,0.9982808
726.6703,326,524,1,0.00456738,-0.02023389,-0.2428236,-0.02113462,0.05405889,0.9983141
726.6871,325,521,1,0.004570766,-0.02023935,-0.2428608,-0.021506,0.05332661,0.9983455
726.7023,324,519,1,0.004572639,-0.02024673,-0.2428997,-0.02186387,0.05260633,0.998376
726.7193,323,510,1,0.00439721,-0.02026338,-0.2429366,-0.02212477,0.04930141,0.9985389
726.7377,322,501,1,0.004229316,-0.02027542,-0.2429698,-0.02237651,0.04612838,0.9986849
726.7547,322,492,1,0.004032556,-0.02028979,-0.2429999,-0.02256556,0.04302854,0.998819
726.7714,321,483,1,0.003843185,-0.02030595,-0.24303,-0.02274065,0.04003294,0.9989396
726.7855,320,475,1,0.003752494,-0.02032557,-0.2430596,-0.02291309,0.03710539,0.9990486
726.8016,320,467,1,0.003665035,-0.02034292,-0.2430877,-0.02306544,0.03429607,0.9991455
726.8185,311,270,1,0.003061123,-0.02088053,-0.2437815,-0.02608464,-0.03375354,0.9990897
726.8356,311,270,1,0.003058586,-0.02088354,-0.2437825,-0.02607567,-0.03376259,0.9990896
726.853,311,270,1,0.00308348,-0.02088469,-0.2437844,-0.02607151,-0.03377703,0.9990894
726.8693,311,270,1,0.003105242,-0.02088839,-0.2437842,-0.02605477,-0.03379959,0.9990889
726.8853,311,270,1,0.003121203,-0.02088967,-0.2437772,-0.02603575,-0.03381074,0.9990891
726.9015,311,270,1,0.003133453,-0.02089603,-0.2437717,-0.02602104,-0.03382874,0.9990889
726.9186,311,270,1,0.003130385,-0.02089712,-0.2437606,-0.02601279,-0.03386552,0.9990878
726.9365,311,270,1,0.003127842,-0.02089504,-0.243747,-0.02601155,-0.03387507,0.9990875
726.9531,311,270,1,0.003111208,-0.02089065,-0.2437301,-0.02605393,-0.03389428,0.9990858
726.9688,311,270,1,0.003094895,-0.02088945,-0.2437082,-0.02607797,-0.03391001,0.9990846
726.9861,311,270,1,0.00304015,-0.02088925,-0.2436822,-0.02606905,-0.03392867,0.9990842
727.0021,311,270,1,0.002990302,-0.02088881,-0.2436552,-0.0260361,-0.03397002,0.9990837
727.0191,311,270,1,0.002914205,-0.02088602,-0.2436238,-0.02600019,-0.03400975,0.9990832
727.0357,311,269,1,0.002843212,-0.02088468,-0.2435876,-0.02592112,-0.03406789,0.9990833
727.0532,311,268,1,0.002742312,-0.020887,-0.2435485,-0.02587246,-0.03464933,0.9990646
727.0699,311,266,1,0.002646177,-0.02089043,-0.2435091,-0.02583149,-0.03522729,0.9990455
727.0875,311,264,1,0.002552748,-0.02089559,-0.243466,-0.0258158,-0.03611552,0.9990141
727.1033,311,261,1,0.00246578,-0.02090119,-0.2434211,-0.02581591,-0.03697752,0.9989826
727.1204,311,258,1,0.002374703,-0.02091081,-0.2433671,-0.02587968,-0.03798082,0.9989433
727.1368,311,255,1,0.002288144,-0.02091997,-0.2433157,-0.02596056,-0.03896765,0.9989032
727.1525,310,252,1,0.002174439,-0.02093081,-0.2432556,-0.02606597,-0.04006351,0.9988571
727.17,310,249,1,0.002069024,-0.02094334,-0.243196,-0.02618474,-0.04110918,0.9988114
727.1864,309,246,1,0.001939908,-0.02095614,-0.2431343,-0.02632811,-0.04220849,0.9987618
727.2038,309,243,1,0.0018197,-0.02097169,-0.2430701,-0.02646666,-0.04328331,0.9987122
727.2191,308,240,1,0.001682393,-0.02098137,-0.243001,-0.02664004,-0.04434463,0.998661
727.2372,308,237,1,0.001554733,-0.02099664,-0.2429289,-0.02680968,-0.04535919,0.998611
727.2534,307,234,1,0.001413752,-0.02101182,-0.242854,-0.0269615,-0.04640207,0.9985589
727.2698,306,231,1,0.001281055,-0.02102941,-0.242781,-0.02711276,-0.04743646,0.9985062
727.2866,306,227,1,0.001132795,-0.0210475,-0.2427025,-0.02738027,-0.04880594,0.9984329
727.303,305,223,1,0.0009938005,-0.02106554,-0.2426253,-0.02765346,-0.05013143,0.9983597
727.3206,304,218,1,0.0008501334,-0.02108558,-0.2425508,-0.02799248,-0.05169396,0.9982706
727.3369,302,214,1,0.0007172369,-0.02110266,-0.2424736,-0.02832176,-0.05319281,0.9981826
727.3536,301,210,1,0.0005830958,-0.0211249,-0.2423986,-0.02868244,-0.05477451,0.9980868
727.369,300,205,1,0.0004595824,-0.02114687,-0.2423226,-0.0290245,-0.05629981,0.9979919
727.3868,272,90,1,-0.002603895,-0.02168681,-0.2404393,-0.03778887,-0.09583715,0.9946795
727.4038,272,90,1,-0.002598963,-0.02168431,-0.2404401,-0.03778077,-0.09581359,0.994682
727.42,272,90,1,-0.002609517,-0.02167958,-0.2404344,-0.03776631,-0.09585995,0.9946781
727.437,273,90,1,-0.002615287,-0.02167707,-0.2404279,-0.03773671,-0.0959006,0.9946753
727.4532,272,90,1,-0.002676628,-0.02167318,-0.240417,-0.03774395,-0.09598874,0.9946666
727.4696,272,89,1,-0.002732018,-0.02166853,-0.2404083,-0.03774907,-0.09607309,0.9946582
727.4865,272,89,1,-0.002825128,-0.0216595,-0.2404005,-0.03778976,-0.09618287,0.9946461
727.5027,272,89,1,-0.002911294,-0.02165319,-0.24039,-0.0378314,-0.09627598,0.9946355
727.5198,272,88,1,-0.003019187,-0.0216455,-0.2403799,-0.03789926,-0.09640151,0.9946207
727.5367,271,88,1,-0.003119555,-0.0216364,-0.2403689,-0.03796913,-0.09653468,0.9946052
727.5531,272,89,1,-0.003222902,-0.02162729,-0.2403576,-0.03778927,-0.09615424,0.9946488
727.5707,272,90,1,-0.003321644,-0.02162304,-0.2403437,-0.0376376,-0.09577793,0.9946909
727.587,273,92,1,-0.003427038,-0.02161879,-0.2403341,-0.0373547,-0.09510504,0.9947661
727.6024,274,94,1,-0.003523138,-0.02161081,-0.2403204,-0.03711199,-0.09444305,0.9948384
727.619,275,97,1,-0.003609878,-0.0216017,-0.2403067,-0.03673734,-0.09360968,0.9949309
727.6356,276,99,1,-0.003689463,-0.02159728,-0.2402941,-0.03638456,-0.09282997,0.9950169
727.653,277,101,1,-0.003772255,-0.0215936,-0.2402773,-0.03592273,-0.09203627,0.9951075
727.6703,278,103,1,-0.003846648,-0.02158785,-0.2402606,-0.03547575,-0.09128781,0.9951924
727.6865,280,106,1,-0.003902554,-0.02158166,-0.2402465,-0.03495153,-0.09053631,0.9952797
727.7026,281,108,1,-0.003951797,-0.02157412,-0.24023,-0.03442293,-0.08981,0.9953639
727.7206,283,110,1,-0.003985723,-0.02156922,-0.2402155,-0.03384519,-0.08902097,0.9954546
727.7374,284,112,1,-0.004015709,-0.02156868,-0.2402046,-0.03328715,-0.08827419,0.9955398
727.7541,287,116,1,-0.004049518,-0.0215647,-0.2401918,-0.03253279,-0.08709601,0.9956686
727.7695,289,119,1,-0.004078841,-0.02156144,-0.2401819,-0.03181247,-0.08597013,0.9957897
727.787,291,123,1,-0.004079882,-0.02156313,-0.2401711,-0.03106689,-0.08467309,0.9959244
727.8031,293,126,1,-0.004079778,-0.02156691,-0.2401631,-0.03036304,-0.08345137,0.9960491
727.8197,295,130,1,-0.004050096,-0.02156472,-0.2401552,-0.02963654,-0.08207135,0.9961857
727.8365,297,134,1,-0.004018555,-0.02156393,-0.2401486,-0.02895593,-0.08070926,0.996317
727.853,349,246,1,-0.003010143,-0.02157021,-0.2400246,-0.0113382,-0.04195065,0.9990554
727.8683,349,246,1,-0.003009074,-0.02157469,-0.2400259,-0.01134913,-0.04196652,0.9990546
727.885,349,247,1,-0.003018599,-0.02157717,-0.240023,-0.01133425,-0.04184969,0.9990596
727.9022,349,247,1,-0.003024189,-0.02157981,-0.2400219,-0.01132081,-0.04175021,0.999064
727.9199,349,247,1,-0.003042087,-0.0215774,-0.2400218,-0.01126223,-0.0415637,0.9990724
727.936,349,248,1,-0.003056178,-0.02157526,-0.2400228,-0.01119503,-0.04137413,0.999081
727.9528,349,249,1,-0.003076775,-0.0215724,-0.2400234,-0.01105742,-0.04117172,0.9990909
727.9698,350,249,1,-0.003094427,-0.02157085,-0.240026,-0.01091501,-0.04098507,0.9991001
727.9861,350,250,1,-0.003100817,-0.02156686,-0.2400297,-0.01072733,-0.04076089,0.9991114
728.0023,351,250,1,-0.003105002,-0.02156502,-0.2400348,-0.01053116,-0.04053954,0.9991224
728.0196,351,251,1,-0.003109059,-0.02156438,-0.2400406,-0.01032359,-0.04028407,0.9991349
728.0369,352,252,1,-0.003111544,-0.02156273,-0.2400506,-0.01012262,-0.04003403,0.9991471
728.0532,353,253,1,-0.003109926,-0.02155973,-0.2400594,-0.009906598,-0.0397881,0.999159
728.0702,353,253,1,-0.003108182,-0.02155862,-0.2400727,-0.009699279,-0.0395507,0.9991705
728.0875,354,254,1,-0.003112618,-0.02155495,-0.2400828,-0.009486691,-0.03922641,0.9991853
728.1026,354,255,1,-0.003116969,-0.02155105,-0.2400939,-0.009279773,-0.03889656,0.9992002
728.1199,349,272,1,-0.003116521,-0.02150838,-0.2401176,-0.01115298,-0.03317554,0.9993874
728.1364,344,288,1,-0.003117172,-0.02146838,-0.2401402,-0.01295067,-0.02766374,0.9995334
728.1532,339,302,1,-0.00311404,-0.02143318,-0.2401598,-0.01460105,-0.02251431,0.9996399
728.1696,335,317,1,-0.003111539,-0.0214007,-0.2401777,-0.016191,-0.01759282,0.9997141
728.1864,330,330,1,-0.003181831,-0.0213627,-0.2401914,-0.01765257,-0.01293343,0.9997605
728.2027,326,343,1,-0.003249165,-0.02132201,-0.2402032,-0.0190631,-0.008456158,0.9997826
728.2202,229,655,1,-0.005386083,-0.02033108,-0.2404465,-0.05196454,0.0994871,0.9936811
728.2368,229,655,1,-0.005386591,-0.02032892,-0.2404492,-0.05196832,0.09948321,0.9936813
728.2536,229,656,1,-0.005399399,-0.02032724,-0.240448,-0.0519665,0.09951818,0.9936778
728.2701,229,656,1,-0.005413599,-0.02032546,-0.2404479,-0.05197113,0.09959472,0.9936699
728.2867,229,656,1,-0.005366203,-0.02033042,-0.2404532,-0.0519899,0.0996205,0.9936664
728.3027,229,656,1,-0.005316765,-0.02032753,-0.2404571,-0.0520089,0.09962896,0.9936646
728.3198,229,656,1,-0.005202707,-0.02032097,-0.2404606,-0.05203847,0.09970222,0.9936556
728.3371,229,656,1,-0.005093906,-0.02031481,-0.2404676,-0.05205683,0.09980667,0.9936441
728.3539,229,657,1,-0.004949932,-0.02031871,-0.2404748,-0.05205536,0.09992138,0.9936327
728.3701,229,657,1,-0.004812448,-0.02031801,-0.2404814,-0.05204884,0.1000258,0.9936226
728.3865,229,657,1,-0.004668557,-0.02031386,-0.2404884,-0.05203753,0.1000933,0.9936163
728.4048,230,657,1,-0.004530288,-0.02031421,-0.2404955,-0.05202268,0.1001667,0.9936097
728.4197,230,658,1,-0.004376655,-0.02031539,-0.2405086,-0.05201776,0.1001744,0.9936092
728.4374,230,658,1,-0.004230389,-0.02031798,-0.2405191,-0.0520263,0.1001677,0.9936094
728.454,229,658,1,-0.004042736,-0.02032317,-0.240531,-0.05238936,0.1004591,0.993561
728.4701,228,659,1,-0.003863268,-0.02032764,-0.2405442,-0.05276471,0.1007373,0.9935129
728.487,227,660,1,-0.003646231,-0.02033683,-0.2405594,-0.05332323,0.1011707,0.993439
728.5027,225,662,1,-0.003436556,-0.02034616,-0.2405702,-0.05386944,0.1015812,0.9933677
728.5203,223,663,1,-0.003187265,-0.020355,-0.2405883,-0.05448905,0.1020399,0.9932869
728.5361,222,664,1,-0.002945318,-0.02036069,-0.2406007,-0.05508639,0.1024963,0.9932069
728.5535,220,666,1,-0.00267463,-0.02036859,-0.2406148,-0.05574019,0.1029793,0.9931205
728.5697,219,667,1,-0.002413701,-0.02037487,-0.2406306,-0.05636356,0.1034299,0.9930385
728.5868,217,668,1,-0.00209802,-0.02038221,-0.2406466,-0.05701477,0.1039013,0.992952
728.6027,215,670,1,-0.001794641,-0.02038884,-0.240666,-0.05763157,0.1043602,0.9928683
728.6218,214,671,1,-0.001477923,-0.02039962,-0.2406865,-0.05826275,0.1048189,0.9927832
728.6373,212,672,1,-0.001173055,-0.02040841,-0.2407126,-0.05885737,0.105244,0.9927031
728.6533,211,674,1,-0.0008944047,-0.02041555,-0.2407405,-0.05944582,0.1056785,0.9926219
728.6693,209,675,1,-0.0006303307,-0.02042079,-0.2407693,-0.06000968,0.1061046,0.9925426
728.6873,208,676,1,-0.0003601229,-0.02042724,-0.240801,-0.06059554,0.106535,0.9924608
728.7021,206,677,1,-9.996665E-05,-0.02043426,-0.2408344,-0.06117131,0.1069482,0.9923811
728.7183,205,678,1,0.0001505502,-0.02043977,-0.2408703,-0.06170774,0.1071765,0.9923232
728.7399,204,679,1,0.0003897082,-0.02044466,-0.2409072,-0.06224177,0.1074031,0.9922653
728.7518,202,678,1,0.0006173799,-0.02044997,-0.240944,-0.06274638,0.1072788,0.992247
728.7688,201,678,1,0.0008374128,-0.02045317,-0.2409826,-0.06324135,0.1071709,0.9922273
728.7859,200,677,1,0.001030205,-0.02045514,-0.241019,-0.06370488,0.106845,0.9922328
728.8021,199,676,1,0.001215031,-0.02045185,-0.2410533,-0.0641437,0.1065476,0.9922365
728.8196,198,675,1,0.001378239,-0.02045102,-0.2410895,-0.06455245,0.1060817,0.9922599
728.8365,197,674,1,0.001534287,-0.0204505,-0.2411271,-0.064937,0.1056252,0.9922835
728.8533,196,672,1,0.001669352,-0.02044902,-0.2411663,-0.06527944,0.1050343,0.9923238
728.8698,195,670,1,0.001797485,-0.02044457,-0.2412063,-0.06560849,0.1044836,0.9923601
728.8873,194,668,1,0.001921383,-0.02044174,-0.2412462,-0.06595924,0.1038381,0.9924046
728.9026,193,667,1,0.002039781,-0.02043822,-0.2412884,-0.06630804,0.1032117,0.9924468
728.92,192,665,1,0.002141915,-0.02043347,-0.2413282,-0.06662208,0.1025758,0.9924916
728.937,191,663,1,0.002240039,-0.02042626,-0.2413687,-0.06693489,0.101993,0.9925306
728.9536,191,662,1,0.002318501,-0.02042068,-0.2414084,-0.06723433,0.1014672,0.9925643
728.9706,190,660,1,0.002393395,-0.0204168,-0.2414462,-0.06753092,0.1009627,0.9925957
728.9869,189,651,1,0.002475223,-0.02042953,-0.2414827,-0.06803282,0.09793888,0.9928643
729.0051,187,643,1,0.002552468,-0.02044339,-0.2415193,-0.06851602,0.09505052,0.9931118
729.0193,186,635,1,0.002640895,-0.02044855,-0.2415536,-0.06895781,0.0924381,0.9933277
729.0369,185,628,1,0.002729271,-0.0204468,-0.2415815,-0.06937387,0.08999137,0.9935235
729.0537,184,622,1,0.002792768,-0.02044692,-0.2416051,-0.06971353,0.087767,0.9936987
729.0697,183,615,1,0.002851656,-0.02045495,-0.2416318,-0.07002502,0.08559021,0.9938666
729.0867,167,457,1,0.005406606,-0.02070377,-0.2422297,-0.07664574,0.0309658,0.9965774
729.1024,167,457,1,0.005406423,-0.02070369,-0.2422333,-0.07663865,0.03095124,0.9965784
729.1197,167,457,1,0.005421407,-0.02070617,-0.2422358,-0.07663226,0.03093067,0.9965795
729.137,167,457,1,0.00543321,-0.02071129,-0.2422386,-0.07662211,0.03089104,0.9965816
729.1533,167,456,1,0.005462258,-0.02071826,-0.2422392,-0.07660638,0.03081653,0.9965851
729.1687,167,456,1,0.005489126,-0.02072877,-0.2422377,-0.07661283,0.03072785,0.9965873
729.1857,167,456,1,0.005534785,-0.02073936,-0.2422362,-0.07663412,0.0306395,0.9965884
729.2018,167,456,1,0.005579436,-0.02075327,-0.2422358,-0.07666538,0.03052847,0.9965895
729.2194,167,455,1,0.005623002,-0.02076797,-0.2422297,-0.07666606,0.03039795,0.9965933
729.236,167,455,1,0.005666172,-0.02078226,-0.2422229,-0.07666881,0.03026539,0.9965972
729.2538,167,454,1,0.005716269,-0.02079481,-0.2422139,-0.07667591,0.0301356,0.9966005
729.27,167,454,1,0.005766315,-0.02080843,-0.2422018,-0.07668482,0.03002803,0.9966031
729.2865,167,453,1,0.00580414,-0.02082276,-0.2421895,-0.07663694,0.02981852,0.9966131
729.3027,167,453,1,0.005838915,-0.02083685,-0.2421765,-0.0765984,0.0295858,0.996623
729.3198,167,452,1,0.005880894,-0.02085091,-0.2421606,-0.07657495,0.02916565,0.9966372
729.3366,167,450,1,0.005923559,-0.02086715,-0.2421467,-0.07656038,0.02875373,0.9966503
729.3546,167,449,1,0.005989949,-0.02088529,-0.2421317,-0.07655185,0.02823554,0.9966658
729.3691,167,447,1,0.006057202,-0.02090575,-0.2421153,-0.07653563,0.02772659,0.9966813
729.3858,168,446,1,0.006151044,-0.02092625,-0.2420993,-0.07650208,0.0271681,0.9966992
729.4026,168,444,1,0.006241813,-0.02094465,-0.2420841,-0.07646945,0.02662357,0.9967164
729.4213,168,443,1,0.00633747,-0.02096332,-0.2420686,-0.07643707,0.0260614,0.9967338
729.4376,168,441,1,0.006431305,-0.02098616,-0.2420545,-0.07640215,0.02552035,0.9967505
729.4546,168,439,1,0.006526054,-0.02100684,-0.242041,-0.07637949,0.02492764,0.9967672
729.4708,168,438,1,0.006618286,-0.02102676,-0.2420278,-0.07635268,0.02436517,0.9967831
729.486,168,438,1,0.006618286,-0.02102676,-0.2420278,-0.07635268,0.02436517,0.9967831
729.5019,168,438,1,0.006618286,-0.02102676,-0.2420278,-0.07635268,0.02436517,0.9967831
729.5198,169,433,1,0.006692074,-0.02104492,-0.2420165,-0.07628628,0.02283074,0.9968246
729.5368,169,429,1,0.006764411,-0.02106025,-0.2420053,-0.07621908,0.02137966,0.9968618
729.5536,169,419,1,0.006469492,-0.0210759,-0.2419849,-0.07623281,0.01793252,0.9969288
729.5703,168,409,1,0.006186672,-0.02108961,-0.2419654,-0.07624058,0.01462158,0.9969823
729.5868,168,400,1,0.005814758,-0.02109677,-0.2419443,-0.07620034,0.01148465,0.9970263
729.603,168,392,1,0.005458617,-0.02110208,-0.2419223,-0.07616568,0.008482604,0.997059
729.6201,168,383,1,0.005164063,-0.02111315,-0.2419033,-0.07615534,0.005588469,0.9970803
729.6365,168,375,1,0.004882119,-0.02112262,-0.2418859,-0.07614753,0.002800649,0.9970926
729.6534,168,368,1,0.004613353,-0.02113002,-0.2418691,-0.07614545,0.0001742329,0.9970967
729.6708,162,187,1,-0.001857332,-0.02133055,-0.2414108,-0.07612503,-0.062416,0.9951428
729.6874,162,187,1,-0.001850083,-0.02133332,-0.241411,-0.0761089,-0.06239709,0.9951452
729.7022,162,187,1,-0.001841622,-0.02133496,-0.2414096,-0.07609916,-0.06237485,0.9951474
729.7205,162,187,1,-0.001842973,-0.02134048,-0.241405,-0.0760667,-0.06237193,0.99515
729.7363,162,187,1,-0.001842957,-0.02134576,-0.2414057,-0.07605039,-0.06240106,0.9951494
729.7542,163,187,1,-0.001838814,-0.02134375,-0.2414009,-0.07603166,-0.0623777,0.9951524
729.7703,163,187,1,-0.001833208,-0.0213393,-0.2413958,-0.07602125,-0.06231271,0.9951572
729.7853,163,187,1,-0.00182174,-0.02133928,-0.2413879,-0.07599147,-0.06223134,0.9951646
729.8018,163,188,1,-0.001810489,-0.02134206,-0.2413802,-0.07595084,-0.06215883,0.9951722
729.8197,163,188,1,-0.001818626,-0.02133926,-0.2413737,-0.0759306,-0.06214045,0.9951749
729.8356,163,188,1,-0.001822289,-0.02134155,-0.2413671,-0.07588518,-0.06214051,0.9951784
729.853,163,188,1,-0.001828738,-0.021343,-0.2413586,-0.07583033,-0.06217996,0.9951801
729.8693,163,187,1,-0.001839012,-0.02134528,-0.2413559,-0.07576973,-0.0622419,0.9951809
729.8853,163,187,1,-0.001887893,-0.02134566,-0.2413532,-0.07571968,-0.06245555,0.9951712
729.9012,164,186,1,-0.001933472,-0.02134533,-0.2413519,-0.07567511,-0.06265195,0.9951623
729.9183,163,184,1,-0.001966262,-0.02134908,-0.2413473,-0.07568823,-0.06330432,0.99512
729.9353,163,183,1,-0.002000713,-0.02135449,-0.2413414,-0.07571737,-0.06392545,0.9950781
729.952,163,180,1,-0.002049962,-0.02136344,-0.2413362,-0.07580621,-0.06481131,0.995014
729.9689,163,177,1,-0.002096642,-0.02137226,-0.2413347,-0.07590796,-0.06569375,0.9949484
729.9857,162,174,1,-0.002152356,-0.02137726,-0.2413297,-0.07605965,-0.06677398,0.9948649
730.0018,162,171,1,-0.002206274,-0.0213803,-0.2413257,-0.07621689,-0.06779779,0.9947836
730.0193,161,168,1,-0.002272005,-0.02138081,-0.2413222,-0.07638004,-0.06895743,0.9946914
730.0372,161,165,1,-0.002335146,-0.02138065,-0.2413174,-0.07653176,-0.07005029,0.9946033
730.054,160,161,1,-0.002385282,-0.02138028,-0.2413169,-0.07671179,-0.07125016,0.9945043
730.0699,160,158,1,-0.002432227,-0.0213817,-0.2413171,-0.0768733,-0.07239572,0.994409
730.0871,158,154,1,-0.002476715,-0.0213832,-0.2413149,-0.077211,-0.07388897,0.994273
730.103,157,149,1,-0.002522014,-0.02138606,-0.2413146,-0.07752962,-0.07530394,0.9941421
730.1196,156,145,1,-0.002554813,-0.02139444,-0.2413168,-0.07794808,-0.07688723,0.9939882
730.1366,155,140,1,-0.002587814,-0.02140221,-0.2413182,-0.07835424,-0.07841836,0.9938366
730.1536,154,136,1,-0.002592023,-0.02141327,-0.2413232,-0.07881171,-0.08001386,0.9936732
730.17,152,131,1,-0.002598009,-0.0214255,-0.241329,-0.07925867,-0.08154609,0.9935131
730.1868,115,15,1,-0.00208966,-0.02172652,-0.2414855,-0.09168132,-0.1211054,0.9883968
730.2051,115,15,1,-0.002090581,-0.02172687,-0.241485,-0.09168702,-0.1211002,0.9883968
730.2201,115,14,1,-0.002040165,-0.02173453,-0.2414868,-0.09170552,-0.1211924,0.9883838
730.2366,115,14,1,-0.001994229,-0.02173626,-0.2414879,-0.09172376,-0.1212831,0.988371
730.2532,115,14,1,-0.001932452,-0.02173941,-0.2414914,-0.09176174,-0.1214155,0.9883512
730.2697,115,13,1,-0.001875411,-0.02174238,-0.2414941,-0.09178772,-0.1215396,0.9883335
730.2858,115,13,1,-0.001804158,-0.021747,-0.2414964,-0.09180071,-0.121684,0.9883145
730.3018,115,13,1,-0.001737994,-0.02175102,-0.2414982,-0.09180811,-0.1218273,0.9882962
730.3187,115,12,1,-0.001656232,-0.0217554,-0.2415035,-0.09180644,-0.1219618,0.9882798
730.3361,115,12,1,-0.001580915,-0.02176014,-0.241508,-0.09180672,-0.1220852,0.9882644
730.3524,115,11,1,-0.0014976,-0.02176422,-0.2415157,-0.09183753,-0.1222369,0.9882429
730.3701,115,11,1,-0.001420243,-0.02177172,-0.2415214,-0.09187023,-0.1223802,0.9882221
730.3854,115,10,1,-0.001346966,-0.0217815,-0.2415285,-0.09191182,-0.1225416,0.9881983
730.4016,115,10,1,-0.001279605,-0.02179011,-0.2415356,-0.09195986,-0.1227116,0.9881727
730.4189,115,9,1,-0.001196579,-0.02179674,-0.2415425,-0.09200849,-0.1228644,0.9881492
730.436,115,9,1,-0.001119151,-0.02180339,-0.2415513,-0.09205487,-0.1230049,0.9881274
730.4522,118,15,1,-0.001350872,-0.02177158,-0.2415543,-0.09093209,-0.1209721,0.9884822
730.4692,121,21,1,-0.001575565,-0.02174028,-0.2415577,-0.08985022,-0.1190027,0.9888202
730.4859,122,47,1,-0.003131161,-0.02158471,-0.2415177,-0.08940335,-0.1101659,0.9898841
730.502,122,72,1,-0.004627417,-0.02143992,-0.2414801,-0.08897965,-0.101661,0.9908317
730.5189,123,96,1,-0.005226427,-0.02134346,-0.2414741,-0.08853135,-0.09343944,0.991681
730.5359,124,120,1,-0.005802702,-0.02124601,-0.2414673,-0.08811165,-0.08549386,0.992435
730.5522,125,142,1,-0.006049094,-0.02116831,-0.24147,-0.08775362,-0.07773919,0.9931042
730.5686,126,164,1,-0.006288299,-0.02109799,-0.2414719,-0.08740434,-0.07029323,0.9936897
730.5853,127,185,1,-0.0064034,-0.02104034,-0.2414772,-0.08706742,-0.06313729,0.9941996
730.6017,151,686,1,-0.00918268,-0.01951592,-0.2416483,-0.0775869,0.1093421,0.9909716
730.6187,152,686,1,-0.0090639,-0.01952475,-0.2416519,-0.07758099,0.1093568,0.9909703
730.6351,152,686,1,-0.008951227,-0.01953221,-0.2416537,-0.07755814,0.1093642,0.9909714
730.6522,152,686,1,-0.008789209,-0.01954606,-0.2416598,-0.07749694,0.1093633,0.9909762
730.6687,152,686,1,-0.008635951,-0.01956187,-0.2416665,-0.07744442,0.1093664,0.99098
730.6855,153,686,1,-0.008442539,-0.01958053,-0.2416765,-0.07740635,0.1093687,0.9909827
730.7015,153,686,1,-0.008257973,-0.01959777,-0.2416879,-0.07738686,0.1093739,0.9909837
730.7194,153,686,1,-0.008059447,-0.01961639,-0.2416988,-0.07739655,0.1093575,0.9909847
730.7362,153,686,1,-0.007870352,-0.01963576,-0.2417119,-0.07742012,0.1093465,0.9909841
730.7515,153,685,1,-0.007643381,-0.01965706,-0.2417313,-0.07749073,0.1093106,0.9909825
730.7678,153,685,1,-0.007422671,-0.01967578,-0.2417477,-0.077563,0.1092927,0.9909789
730.785,153,685,1,-0.00717626,-0.01969422,-0.2417683,-0.07763252,0.109324,0.99097
730.8017,153,685,1,-0.006937455,-0.01971356,-0.2417898,-0.07768686,0.1093489,0.990963
730.8193,153,685,1,-0.006524418,-0.01974216,-0.2418168,-0.07772341,0.1093473,0.9909603
730.835,153,685,1,-0.006125306,-0.01977038,-0.2418474,-0.07774411,0.1093399,0.9909595
730.8512,154,685,1,-0.005715518,-0.01979896,-0.2418808,-0.0777597,0.109332,0.990959
730.8687,154,685,1,-0.005320028,-0.01982311,-0.2419166,-0.07775082,0.1093323,0.9909598
730.8851,154,685,1,-0.004944006,-0.01984855,-0.2419565,-0.0777045,0.1092988,0.9909671
730.9017,155,685,1,-0.004581811,-0.01987141,-0.2420016,-0.07765155,0.1092634,0.9909751
730.9198,155,685,1,-0.004217113,-0.01989334,-0.2420481,-0.07760956,0.1091996,0.9909855
730.9365,156,685,1,-0.003865421,-0.01991372,-0.242097,-0.07756659,0.1091609,0.9909931
730.9592,173,677,1,-0.003798208,-0.01993454,-0.2421567,-0.07159659,0.1065465,0.9917267
730.9688,190,669,1,-0.003731265,-0.01995508,-0.2422186,-0.06584924,0.1040364,0.9923912
730.9859,190,669,1,-0.003731265,-0.01995508,-0.2422186,-0.06584924,0.1040364,0.9923912
731.0018,190,669,1,-0.003731265,-0.01995508,-0.2422186,-0.06584924,0.1040364,0.9923912
731.0197,207,662,1,-0.003760028,-0.01996858,-0.2422854,-0.06007518,0.1013538,0.993035
731.0359,223,654,1,-0.003784229,-0.01997953,-0.2423503,-0.05450774,0.09878803,0.9936146
731.0531,239,646,1,-0.003748512,-0.01999704,-0.2424183,-0.04903197,0.09608194,0.9941651
731.0693,254,638,1,-0.00371092,-0.02001148,-0.2424864,-0.04375682,0.0934737,0.9946597
731.0876,631,441,1,-0.003023267,-0.02030048,-0.2442098,0.08646497,0.02541155,0.9959308
731.1035,631,441,1,-0.003021428,-0.02030023,-0.2442113,0.08647788,0.02542922,0.9959291
731.1205,631,441,1,-0.00299364,-0.02030374,-0.2442176,0.08655512,0.0253793,0.9959237
731.1373,631,441,1,-0.002965463,-0.02031003,-0.2442288,0.08662524,0.02532384,0.995919
731.1539,632,441,1,-0.002921377,-0.0203148,-0.2442454,0.08676028,0.0252026,0.9959103
731.1697,632,440,1,-0.002877394,-0.02031561,-0.2442642,0.08688857,0.02509983,0.9959018
731.1858,633,440,1,-0.002825279,-0.0203146,-0.2442853,0.08704114,0.02500335,0.9958909
731.2021,633,440,1,-0.002773031,-0.02031573,-0.2443081,0.08717877,0.02492047,0.995881
731.2194,634,439,1,-0.002709614,-0.0203181,-0.2443337,0.0873562,0.02474101,0.9958698
731.2362,634,439,1,-0.002645396,-0.02031932,-0.2443605,0.08752864,0.02458149,0.9958587
731.2534,635,438,1,-0.002582916,-0.02031935,-0.2443883,0.08771848,0.02442225,0.9958459
731.2709,635,438,1,-0.002520957,-0.02031674,-0.2444175,0.08790313,0.02427764,0.9958331
731.2869,636,438,1,-0.002464558,-0.02031495,-0.2444477,0.08814071,0.02413581,0.9958156
731.3044,637,437,1,-0.00240844,-0.02031411,-0.2444786,0.0883757,0.02399902,0.9957981
731.3202,638,437,1,-0.002331542,-0.02031263,-0.2445103,0.08861666,0.02384129,0.9957805
731.3376,638,436,1,-0.002256555,-0.02030853,-0.2445407,0.08884661,0.02371284,0.995763
731.3538,629,431,1,-0.002334144,-0.02031215,-0.2445686,0.08575628,0.02202323,0.9960726
731.3696,621,427,1,-0.002410235,-0.02032131,-0.2445955,0.08277276,0.02040399,0.9963595
731.386,611,422,1,-0.002331897,-0.02033369,-0.2446291,0.0795537,0.01867842,0.9966556
731.4022,602,417,1,-0.002254592,-0.02034053,-0.2446534,0.07644758,0.01706618,0.9969276
731.4197,593,412,1,-0.002303768,-0.02034249,-0.2446697,0.07321562,0.0154641,0.9971962
731.4374,584,408,1,-0.002352249,-0.02035361,-0.2446816,0.07010624,0.01387961,0.997443
731.4544,356,291,1,-0.00369595,-0.02057062,-0.2448021,-0.008687159,-0.02665498,0.9996069
731.4694,356,291,1,-0.003694739,-0.02057112,-0.2448026,-0.008691312,-0.02668552,0.9996061
731.4865,355,291,1,-0.003663708,-0.0205761,-0.2448004,-0.008781762,-0.02677839,0.9996028
731.5031,355,290,1,-0.003636361,-0.02058212,-0.2447957,-0.008858053,-0.02687634,0.9995996
731.5193,355,290,1,-0.003590574,-0.02059458,-0.2447861,-0.008990585,-0.02700492,0.9995949
731.5364,355,290,1,-0.003547356,-0.02060985,-0.2447763,-0.009128192,-0.0271618,0.9995893
731.5533,354,289,1,-0.003457014,-0.02062698,-0.2447638,-0.009322517,-0.02731704,0.9995834
731.5707,354,289,1,-0.003370105,-0.02064651,-0.2447511,-0.009520579,-0.02750587,0.9995763
731.5868,353,288,1,-0.003256636,-0.02066676,-0.2447352,-0.00972928,-0.0277379,0.9995679
731.6028,352,287,1,-0.003148034,-0.02068865,-0.2447181,-0.009938699,-0.02796999,0.9995593
731.621,352,286,1,-0.003024325,-0.02071151,-0.2447031,-0.01015448,-0.02818703,0.9995511
731.637,351,286,1,-0.00290114,-0.02073052,-0.2446822,-0.01036376,-0.02838501,0.9995434
731.653,351,285,1,-0.002766971,-0.02075079,-0.2446632,-0.01060216,-0.02859309,0.9995349
731.6685,350,285,1,-0.002635132,-0.02077017,-0.2446433,-0.01081761,-0.02880933,0.9995264
731.686,349,284,1,-0.002486732,-0.02079336,-0.2446246,-0.01117458,-0.02917328,0.9995119
731.7015,349,283,1,-0.002344661,-0.02081265,-0.2446081,-0.01150992,-0.02952112,0.9994979
731.7181,347,281,1,-0.002207224,-0.02083333,-0.2445936,-0.01196432,-0.03019127,0.9994725
731.7355,346,279,1,-0.002071545,-0.02085139,-0.2445786,-0.0123877,-0.03084061,0.9994475
731.753,345,276,1,-0.001896847,-0.02086893,-0.2445679,-0.01288146,-0.03164897,0.9994161
731.7688,344,274,1,-0.001726997,-0.02088661,-0.244557,-0.01335006,-0.03239867,0.999386
731.786,342,272,1,-0.001577365,-0.02090421,-0.244547,-0.01386344,-0.03327138,0.9993502
731.8023,341,269,1,-0.001433297,-0.0209178,-0.2445353,-0.01435806,-0.03407991,0.999316
731.8204,340,267,1,-0.001313732,-0.02093272,-0.2445244,-0.01489086,-0.03496276,0.9992777
731.8367,338,264,1,-0.00119802,-0.02094861,-0.2445106,-0.0154111,-0.03580996,0.9992398
731.8528,337,262,1,-0.001113762,-0.02096291,-0.2444975,-0.0159618,-0.03670005,0.9991988
731.8691,335,259,1,-0.001032217,-0.02097532,-0.2444853,-0.01649611,-0.03756353,0.9991581
731.8871,333,256,1,-0.0009846441,-0.02098259,-0.2444729,-0.01730408,-0.038615,0.9991043
731.9029,331,253,1,-0.0009380893,-0.02098672,-0.2444591,-0.01808378,-0.03961432,0.9990514
731.9198,328,250,1,-0.0009189944,-0.0209909,-0.2444409,-0.0190156,-0.0407564,0.9989882
731.936,325,247,1,-0.0009017277,-0.02099591,-0.2444238,-0.01991651,-0.04184256,0.9989257
731.9531,323,244,1,-0.0009095623,-0.02100416,-0.2444046,-0.02089102,-0.04301344,0.9988561
731.9693,320,240,1,-0.000915764,-0.02101105,-0.2443831,-0.02182983,-0.04415027,0.9987863
731.9872,317,237,1,-0.0009503236,-0.02101723,-0.2443597,-0.02278169,-0.04536796,0.9987105
732.0035,314,233,1,-0.0009821926,-0.02102699,-0.2443361,-0.02370076,-0.04654683,0.9986349
732.0192,247,144,1,-0.002129018,-0.02127985,-0.2436888,-0.04669766,-0.0771267,0.9959272
732.0374,247,144,1,-0.002127177,-0.02128237,-0.2436866,-0.04670056,-0.07713187,0.9959266
732.0539,247,144,1,-0.002127785,-0.02128449,-0.2436834,-0.04672845,-0.07719225,0.9959205
732.0712,247,144,1,-0.002127925,-0.02128879,-0.2436768,-0.04674829,-0.07726006,0.9959143
732.0872,247,144,1,-0.002136334,-0.02129266,-0.2436696,-0.04678493,-0.07733275,0.995907
732.1041,247,144,1,-0.002142223,-0.02129601,-0.2436577,-0.04681256,-0.07741482,0.9958994
732.1202,247,143,1,-0.002112478,-0.02130309,-0.2436471,-0.04686229,-0.07750297,0.9958901
732.1371,246,143,1,-0.002083292,-0.02130673,-0.2436354,-0.04690887,-0.07760011,0.9958804
732.1534,246,143,1,-0.002042613,-0.02130953,-0.2436228,-0.04693678,-0.0776673,0.9958738
732.1691,246,143,1,-0.002002157,-0.02131174,-0.2436088,-0.04695345,-0.0777181,0.995869
732.1865,246,143,1,-0.001947506,-0.02131977,-0.243594,-0.04698526,-0.07769433,0.9958695
732.2025,246,143,1,-0.001893891,-0.02133402,-0.2435789,-0.04701344,-0.07769472,0.9958681
732.2195,246,143,1,-0.001850166,-0.02134199,-0.243564,-0.04704091,-0.07769751,0.9958666
732.2365,246,143,1,-0.001805251,-0.02134321,-0.2435412,-0.04707088,-0.07763404,0.9958701
732.254,245,144,1,-0.00181354,-0.021344,-0.2435196,-0.04764319,-0.07736919,0.9958636
732.2698,243,144,1,-0.001825736,-0.0213521,-0.2434956,-0.0481998,-0.0771507,0.9958537
732.2878,234,151,1,-0.00178373,-0.02134443,-0.2434851,-0.05136682,-0.07501873,0.9958583
732.3041,225,156,1,-0.001741075,-0.02133789,-0.2434749,-0.05441288,-0.07297451,0.9958484
732.3198,217,162,1,-0.001870095,-0.02131989,-0.2434569,-0.05733775,-0.07089932,0.9958342
732.3377,208,168,1,-0.001996489,-0.02130439,-0.24344,-0.06014227,-0.06892277,0.9958075
732.3539,200,174,1,-0.002109243,-0.02129181,-0.2434213,-0.06284937,-0.06699929,0.9957716
732.3703,193,179,1,-0.002218708,-0.02127976,-0.243404,-0.06546795,-0.06515548,0.9957253
732.3865,7,314,1,-0.00676127,-0.02081974,-0.2429043,-0.1280883,-0.01851686,0.9915899
732.4022,7,314,1,-0.006761512,-0.02082224,-0.2429018,-0.1281017,-0.01852079,0.9915881
732.4193,7,314,1,-0.006789763,-0.02082224,-0.2428976,-0.128043,-0.01850873,0.9915959
732.4358,7,314,1,-0.006818566,-0.02082246,-0.2428955,-0.1280006,-0.01847914,0.9916019
732.4529,7,314,1,-0.006803296,-0.02082605,-0.2428942,-0.127949,-0.01846446,0.9916088
732.4709,8,314,1,-0.006786672,-0.02082769,-0.2428865,-0.1279044,-0.01841656,0.9916155
732.487,8,314,1,-0.006757952,-0.02083199,-0.2428802,-0.1278428,-0.01835976,0.9916245
732.5046,8,314,1,-0.006730104,-0.02084058,-0.2428731,-0.1277818,-0.01832797,0.9916329
732.5187,8,314,1,-0.006693945,-0.02084752,-0.242864,-0.1276982,-0.01831429,0.991644
732.5369,8,314,1,-0.006659266,-0.0208534,-0.2428573,-0.1276162,-0.01829873,0.9916549
732.5531,9,314,1,-0.006620843,-0.02086056,-0.2428494,-0.1274923,-0.01831394,0.9916704
732.5695,9,314,1,-0.006583284,-0.02086782,-0.2428407,-0.1273611,-0.01834909,0.9916867
732.5873,10,314,1,-0.006537505,-0.02087123,-0.242834,-0.1272097,-0.0184091,0.9917051
732.6028,10,314,1,-0.006495395,-0.02087484,-0.2428236,-0.1270645,-0.01844678,0.9917229
732.621,11,314,1,-0.006453048,-0.02087879,-0.2428141,-0.1269209,-0.0184769,0.9917408
732.6371,11,314,1,-0.006411894,-0.02088267,-0.2428024,-0.1267942,-0.01849945,0.9917566
732.6541,10,321,1,-0.006416447,-0.02086677,-0.2427953,-0.1270973,-0.01611379,0.9917594
732.6699,9,327,1,-0.006425062,-0.02085428,-0.2427892,-0.1273949,-0.01382734,0.9917557
732.6872,9,335,1,-0.006504214,-0.02083838,-0.2427769,-0.1274904,-0.01113337,0.9917773
732.7049,9,343,1,-0.00658036,-0.02082352,-0.2427653,-0.127579,-0.008580223,0.9917914
732.7197,9,351,1,-0.006647438,-0.0208085,-0.2427527,-0.1275413,-0.005812265,0.9918162
732.7381,9,358,1,-0.006712677,-0.02078992,-0.24274,-0.1274977,-0.003158224,0.9918338
732.754,20,565,1,-0.0094749,-0.02024571,-0.2423439,-0.1228828,0.06778648,0.9901034
732.7703,20,565,1,-0.009475127,-0.0202436,-0.2423424,-0.1228725,0.06779275,0.9901043
732.7849,20,565,1,-0.009497732,-0.02024127,-0.2423419,-0.1227932,0.0679322,0.9901046
732.8011,20,565,1,-0.009521892,-0.02024166,-0.2423383,-0.1227113,0.06804349,0.9901071
732.8188,20,566,1,-0.009537185,-0.02024045,-0.2423355,-0.1226034,0.06825306,0.990106
732.8353,21,567,1,-0.009554051,-0.02023809,-0.2423333,-0.1225112,0.0684625,0.9901029
732.8535,21,568,1,-0.009577123,-0.02023699,-0.2423342,-0.1224333,0.06875869,0.9900921
732.8683,21,568,1,-0.009598784,-0.02023269,-0.2423334,-0.1223618,0.06904379,0.9900811
732.8847,21,570,1,-0.009620724,-0.02022727,-0.2423319,-0.1222754,0.0694709,0.9900619
732.9011,21,571,1,-0.009643507,-0.02022493,-0.2423324,-0.1221985,0.06989124,0.9900419
732.9193,22,572,1,-0.009669767,-0.02022368,-0.2423342,-0.1221308,0.07026342,0.9900238
732.9354,22,573,1,-0.009694607,-0.02022068,-0.2423366,-0.12207,0.07062674,0.9900055
732.9525,22,574,1,-0.009724394,-0.02021364,-0.242338,-0.1219904,0.07098131,0.9899899
732.9695,22,575,1,-0.00975476,-0.02020598,-0.2423463,-0.1219182,0.07132656,0.989974
732.9858,22,576,1,-0.009777401,-0.02019709,-0.2423527,-0.1218711,0.07172571,0.989951
733.0022,22,577,1,-0.009801157,-0.02019009,-0.2423655,-0.1218334,0.07211756,0.9899271
733.0202,22,579,1,-0.00983702,-0.02018093,-0.2423784,-0.1217449,0.07253452,0.9899076
733.0359,23,580,1,-0.009873699,-0.02017017,-0.242393,-0.1216679,0.07295545,0.9898861
733.0538,23,581,1,-0.009924267,-0.02015986,-0.242404,-0.1216188,0.07338767,0.9898602
733.0704,23,582,1,-0.009974644,-0.02015105,-0.2424247,-0.1215949,0.07377666,0.9898342
733.0879,23,585,1,-0.009986243,-0.02013604,-0.2424454,-0.1215027,0.07471832,0.9897749
733.1041,23,588,1,-0.009999216,-0.02011731,-0.2424684,-0.1214398,0.07568838,0.9897088
733.1204,23,592,1,-0.009977627,-0.02010276,-0.2424921,-0.1213346,0.07693692,0.9896255
733.1372,24,595,1,-0.009958292,-0.02009302,-0.2425196,-0.121249,0.07812683,0.9895428
733.1537,24,599,1,-0.009905452,-0.02008079,-0.2425513,-0.1211627,0.07942701,0.9894498
733.1711,24,602,1,-0.009854844,-0.02006667,-0.242581,-0.121072,0.08068097,0.9893595
733.1872,25,606,1,-0.009798458,-0.02005742,-0.2426128,-0.1208804,0.08200493,0.989274
733.2114,25,610,1,-0.009749178,-0.02005124,-0.2426494,-0.1206834,0.08322527,0.9891962
733.2195,26,614,1,-0.009696409,-0.02004412,-0.242692,-0.1204415,0.08444656,0.9891221
733.2358,27,617,1,-0.009646838,-0.02003782,-0.2427367,-0.1202077,0.08561867,0.9890498
733.2531,28,621,1,-0.009588307,-0.0200299,-0.2427811,-0.1199424,0.08686293,0.9889735
733.2696,28,624,1,-0.00953344,-0.02002596,-0.2428289,-0.1196881,0.08805305,0.9888991
733.2863,29,628,1,-0.009447276,-0.02002149,-0.2428778,-0.1194328,0.08922667,0.9888247
733.3027,30,631,1,-0.009368421,-0.02001545,-0.2429279,-0.1191898,0.09036163,0.9887511
733.32,31,634,1,-0.009302364,-0.02000976,-0.2429809,-0.11894,0.09152421,0.9886742
733.3375,31,638,1,-0.009241411,-0.01999995,-0.2430322,-0.1186982,0.09263772,0.9885995
733.354,32,641,1,-0.009169669,-0.01999028,-0.2430869,-0.1184445,0.09377024,0.9885232
733.3697,33,644,1,-0.009102887,-0.01998138,-0.2431396,-0.1182024,0.0948629,0.9884478
733.3865,34,647,1,-0.009024845,-0.01997415,-0.2431946,-0.1179445,0.09588903,0.9883797
733.4025,34,650,1,-0.008952438,-0.01995916,-0.2432508,-0.1176969,0.09685517,0.988315
733.4212,35,653,1,-0.00889063,-0.01994569,-0.2433089,-0.1174884,0.09775678,0.988251
733.4368,35,655,1,-0.00883378,-0.01993003,-0.2433671,-0.1172925,0.09864616,0.9881859
733.4537,40,652,1,-0.008738189,-0.01993116,-0.2434298,-0.1158511,0.09770066,0.9884499
733.4713,44,650,1,-0.008648836,-0.01993261,-0.2434958,-0.1144785,0.09678253,0.9887
733.4879,48,647,1,-0.008408063,-0.01993997,-0.2435623,-0.1133217,0.09600116,0.9889095
733.5051,51,645,1,-0.00817636,-0.01994999,-0.2436315,-0.1122063,0.09526778,0.9891076
733.5195,54,643,1,-0.007963442,-0.01995571,-0.2436997,-0.1111917,0.09459728,0.9892865
733.537,57,641,1,-0.00775857,-0.01995914,-0.2437699,-0.1101996,0.09397206,0.989457
733.5541,130,601,1,-0.002735177,-0.01995243,-0.2454954,-0.08685794,0.08035655,0.9929746
733.571,130,601,1,-0.002733001,-0.01995564,-0.2454957,-0.0868333,0.08038048,0.9929748
733.5867,130,601,1,-0.002711799,-0.01995989,-0.2454984,-0.08679664,0.08040574,0.992976
733.6028,130,601,1,-0.002689412,-0.01995998,-0.2455038,-0.08674251,0.08043396,0.9929784
733.6209,130,601,1,-0.002685782,-0.01995607,-0.2455096,-0.08667368,0.08049179,0.9929797
733.6369,131,602,1,-0.002680503,-0.01994986,-0.2455187,-0.08658793,0.08056337,0.9929814
733.6537,131,602,1,-0.002693832,-0.01994502,-0.2455297,-0.08649839,0.08059367,0.9929868
733.6707,131,602,1,-0.002705492,-0.01994035,-0.2455408,-0.08639073,0.080619,0.9929941
733.6876,131,602,1,-0.002708072,-0.01993367,-0.2455558,-0.08630137,0.08060161,0.9930032
733.704,132,602,1,-0.002710253,-0.01992782,-0.2455708,-0.08619524,0.08058564,0.9930137
733.7202,132,601,1,-0.002704348,-0.01992594,-0.2455842,-0.08612129,0.08050348,0.9930269
733.7378,132,601,1,-0.002701687,-0.01992236,-0.2456007,-0.08606447,0.0804151,0.993039
733.7536,132,601,1,-0.002686556,-0.0199236,-0.2456187,-0.08606744,0.08025038,0.993052
733.7699,132,600,1,-0.002672959,-0.01992253,-0.2456363,-0.08609303,0.08008886,0.9930629
733.7855,132,600,1,-0.00264273,-0.01992312,-0.2456538,-0.08615571,0.07996462,0.9930674
733.8021,132,600,1,-0.002613363,-0.01992316,-0.2456717,-0.08623686,0.07984912,0.9930696
733.8184,139,602,1,-0.002772446,-0.01990783,-0.2456925,-0.08359879,0.08058963,0.9932354
733.8363,146,604,1,-0.002925034,-0.01989193,-0.2457124,-0.08107726,0.08128844,0.9933875
733.8533,153,605,1,-0.003017074,-0.01987451,-0.2457351,-0.07874168,0.08192702,0.9935228
733.8687,160,607,1,-0.003102809,-0.01985943,-0.245757,-0.07649986,0.08254614,0.9936468
733.8853,166,609,1,-0.00312369,-0.01984927,-0.2457819,-0.07438182,0.08308869,0.9937624
733.902,172,610,1,-0.00314189,-0.01983899,-0.245808,-0.07234383,0.08360884,0.9938692
733.9195,314,644,1,-0.003410325,-0.01957536,-0.2464882,-0.02318786,0.09538618,0.9951702
733.9353,314,644,1,-0.003408734,-0.01957741,-0.246488,-0.02317983,0.09540302,0.9951688
733.9529,314,644,1,-0.003388921,-0.01957583,-0.2464979,-0.02318404,0.09533037,0.9951757
733.9694,314,644,1,-0.003367521,-0.01956465,-0.2465043,-0.02317843,0.09528377,0.9951803
733.9861,314,644,1,-0.003332084,-0.01955176,-0.2465159,-0.02318031,0.09526575,0.9951819
734.0026,314,644,1,-0.003299884,-0.01954331,-0.2465355,-0.02317408,0.09520952,0.9951875
734.0193,314,643,1,-0.003229933,-0.01953509,-0.2465597,-0.02314463,0.09506496,0.9952019
734.0363,314,643,1,-0.003163955,-0.01951801,-0.2465975,-0.02311116,0.09488714,0.9952197
734.0536,315,642,1,-0.003089969,-0.01949508,-0.2466437,-0.02304256,0.09470125,0.9952391
734.0711,315,642,1,-0.003017101,-0.01946182,-0.2466973,-0.02296826,0.09456973,0.9952533
734.0866,315,642,1,-0.002944665,-0.01942218,-0.2467552,-0.02289081,0.09452541,0.9952592
734.1047,315,642,1,-0.00287887,-0.01938621,-0.246822,-0.02283312,0.09456286,0.995257
734.1199,315,642,1,-0.002803527,-0.01935123,-0.2468933,-0.02281302,0.09460659,0.9952534
734.1368,315,642,1,-0.002729274,-0.01931534,-0.246969,-0.02282079,0.09469575,0.9952447
734.1536,316,643,1,-0.002624857,-0.01928381,-0.2470469,-0.02281763,0.09477116,0.9952375
734.1707,316,643,1,-0.002525844,-0.01925073,-0.2471269,-0.02284031,0.0948733,0.9952273
734.1868,315,643,1,-0.002427351,-0.01922268,-0.2472092,-0.02287455,0.09489152,0.9952248
734.2035,315,643,1,-0.002330309,-0.01919582,-0.2472948,-0.02292567,0.0949045,0.9952224
734.2199,315,642,1,-0.002214425,-0.01916585,-0.2473765,-0.02295884,0.09454636,0.9952556
734.2374,315,641,1,-0.002101027,-0.01913606,-0.24746,-0.02299555,0.0942383,0.9952841
734.2548,315,631,1,-0.001796583,-0.01914476,-0.2475474,-0.02311785,0.09081139,0.9955997
734.2708,315,622,1,-0.001505134,-0.01915315,-0.2476374,-0.0232427,0.08748303,0.9958948
734.287,315,612,1,-0.001342911,-0.01914674,-0.2477255,-0.02333561,0.0843,0.9961671
734.3045,315,604,1,-0.001183013,-0.01913708,-0.2478164,-0.02342373,0.08125316,0.9964182
734.3196,315,595,1,-0.001080918,-0.01912428,-0.247902,-0.02347753,0.07836707,0.9966481
734.3381,315,587,1,-0.0009842393,-0.01911746,-0.2479924,-0.0235179,0.0755835,0.9968621
734.3546,311,392,1,0.001653358,-0.01889367,-0.2503285,-0.02556237,0.007842891,0.9996425
734.3703,311,392,1,0.001656938,-0.01888684,-0.250336,-0.02556674,0.007852998,0.9996423
734.3867,311,392,1,0.001605904,-0.0188727,-0.2503434,-0.02555377,0.007917775,0.9996421
734.4025,311,392,1,0.0015572,-0.01886711,-0.2503563,-0.02553085,0.00800406,0.999642
734.4193,311,392,1,0.001504409,-0.01886448,-0.2503752,-0.02550404,0.008001609,0.9996427
734.4367,311,392,1,0.001455647,-0.01885462,-0.2504034,-0.02547744,0.00797893,0.9996435
734.4542,311,392,1,0.001444125,-0.01884746,-0.2504366,-0.02550684,0.00805291,0.9996422
734.4705,311,393,1,0.001433679,-0.01883614,-0.2504764,-0.0255373,0.008148889,0.9996406
734.4869,311,392,1,0.001461747,-0.01882512,-0.2505234,-0.02570183,0.008036992,0.9996373
734.5044,310,392,1,0.001488989,-0.0188145,-0.2505751,-0.02586729,0.007955855,0.9996337
734.5201,310,391,1,0.001535684,-0.01880516,-0.2506317,-0.02608351,0.00746461,0.9996319
734.5383,309,389,1,0.001582742,-0.01879708,-0.2506955,-0.02630989,0.007002679,0.9996293
734.5541,308,387,1,0.001625065,-0.01878614,-0.2507626,-0.02654287,0.006298511,0.9996279
734.5703,308,385,1,0.001669461,-0.01877195,-0.2508335,-0.02676205,0.005638505,0.999626
734.5874,307,383,1,0.001679102,-0.01875786,-0.2509038,-0.02692418,0.004839161,0.9996258
734.603,307,381,1,0.001689993,-0.01874112,-0.2509804,-0.02706521,0.004101352,0.9996253
734.6207,307,378,1,0.001706411,-0.01873383,-0.2510559,-0.02712394,0.003220519,0.9996269
734.639,307,376,1,0.001724834,-0.01872832,-0.2511352,-0.02716569,0.002350904,0.9996282
734.6528,306,373,1,0.001704066,-0.01872057,-0.2512157,-0.02722961,0.001447834,0.9996282
734.6695,306,371,1,0.00168617,-0.01871097,-0.2512974,-0.02728456,0.0005812321,0.9996276
734.6873,306,371,1,0.00168617,-0.01871097,-0.2512974,-0.02728456,0.0005812321,0.9996276
734.7032,306,371,1,0.00168617,-0.01871097,-0.2512974,-0.02728456,0.0005812321,0.9996276
734.72,305,356,1,0.001710414,-0.01873255,-0.2513964,-0.02761674,-0.004646942,0.9996077
734.7349,304,341,1,0.001737907,-0.01875358,-0.2514943,-0.0279266,-0.009685609,0.999563
734.7511,303,328,1,0.001756133,-0.01876885,-0.2515905,-0.02823078,-0.01438833,0.9994979
734.7687,303,315,1,0.001774442,-0.01878252,-0.2516806,-0.02850392,-0.01887237,0.9994155
734.7851,302,303,1,0.00174344,-0.01880022,-0.2517715,-0.02881368,-0.02307194,0.9993185
734.8016,301,291,1,0.001716933,-0.01881055,-0.251859,-0.02910596,-0.0271349,0.999208
734.8192,273,22,1,0.0009588605,-0.01882256,-0.2538755,-0.03831558,-0.1194722,0.992098
734.8362,273,22,1,0.0009590227,-0.01882696,-0.2538739,-0.03831998,-0.119432,0.9921026
734.8536,273,22,1,0.001008736,-0.01884376,-0.2538775,-0.0384317,-0.119438,0.9920976
734.8703,272,22,1,0.001055887,-0.01885852,-0.2538801,-0.03854204,-0.119471,0.9920893
734.886,272,22,1,0.001119038,-0.01886953,-0.2538813,-0.03869377,-0.1195704,0.9920714
734.9026,272,21,1,0.001180797,-0.01888282,-0.2538838,-0.03884362,-0.1196652,0.9920542
734.9205,271,21,1,0.001248012,-0.0188975,-0.2538851,-0.03900105,-0.1197285,0.9920403
734.9363,271,21,1,0.001308048,-0.0189131,-0.2538849,-0.03915948,-0.1197994,0.9920256
734.9531,270,21,1,0.00134194,-0.01892595,-0.2538809,-0.03930087,-0.1198897,0.992009
734.9702,270,20,1,0.001372887,-0.01894042,-0.2538775,-0.03945015,-0.1199678,0.9919937
734.9875,270,20,1,0.001432325,-0.01895989,-0.2538717,-0.03958957,-0.120025,0.9919812
735.0032,269,20,1,0.001486228,-0.01897972,-0.2538625,-0.03972917,-0.1201054,0.9919659
735.0214,269,20,1,0.00152821,-0.0189988,-0.2538516,-0.03985986,-0.1202121,0.9919478
735.0371,268,19,1,0.001567911,-0.01901358,-0.2538407,-0.03999106,-0.1203195,0.9919294
735.0543,268,19,1,0.001590986,-0.01902557,-0.2538277,-0.04010475,-0.1204035,0.9919146
735.0703,268,19,1,0.001611793,-0.01903599,-0.2538095,-0.04020638,-0.1204478,0.9919051
735.0874,267,19,1,0.001606865,-0.01904795,-0.2537887,-0.04034187,-0.1203971,0.9919058
735.1039,267,19,1,0.001602632,-0.01906188,-0.2537657,-0.04047215,-0.120362,0.9919047
735.1203,267,19,1,0.001600767,-0.0190737,-0.2537435,-0.04062089,-0.1203056,0.9919055
735.1381,266,19,1,0.001595319,-0.0190861,-0.2537223,-0.04075881,-0.1202577,0.9919057
735.1538,266,20,1,0.001624775,-0.01910154,-0.2536988,-0.04091922,-0.1201383,0.9919135
735.1706,265,20,1,0.001651085,-0.01911633,-0.2536733,-0.0410565,-0.1200417,0.9919195
735.1873,261,28,1,0.001920427,-0.01912496,-0.2536586,-0.04260378,-0.1171969,0.9921945
735.204,257,36,1,0.002176569,-0.01913064,-0.253645,-0.04409277,-0.1144599,0.9924489
735.2196,253,44,1,0.002240817,-0.01912333,-0.2536271,-0.0454875,-0.1118421,0.9926844
735.2376,249,51,1,0.002299643,-0.01912103,-0.2536062,-0.04683288,-0.1093104,0.9929038
735.2535,246,58,1,0.002227345,-0.01911678,-0.253583,-0.04807773,-0.1069626,0.9931
735.2707,242,65,1,0.00215847,-0.01911121,-0.2535589,-0.04927882,-0.1047206,0.9932801
735.288,158,226,1,-0.0003260821,-0.01886797,-0.2529259,-0.07765709,-0.04925212,0.9957628
735.3041,158,226,1,-0.0003300167,-0.01886608,-0.252927,-0.07765737,-0.04923659,0.9957636
735.3195,159,227,1,-0.0003214605,-0.01886579,-0.2529239,-0.07763436,-0.04907021,0.9957736
735.337,159,227,1,-0.0003138057,-0.01886531,-0.2529188,-0.07760745,-0.04891138,0.9957835
735.3547,159,228,1,-0.0003039131,-0.01886662,-0.2529111,-0.07756964,-0.04873791,0.995795
735.3691,159,228,1,-0.0002978379,-0.01887109,-0.2529047,-0.07752767,-0.04858524,0.9958056
735.3855,159,229,1,-0.0002995484,-0.01887569,-0.2529019,-0.07751676,-0.0484491,0.9958132
735.4047,159,229,1,-0.0003034453,-0.01887844,-0.2528967,-0.07750995,-0.04833702,0.9958191
735.4212,159,229,1,-0.000311511,-0.01888201,-0.2528878,-0.07751294,-0.04824213,0.9958235
735.4361,159,230,1,-0.000321946,-0.01888705,-0.2528807,-0.07752379,-0.04815324,0.9958269
735.4531,159,230,1,-0.0003301316,-0.01889159,-0.2528703,-0.07753649,-0.04805858,0.9958305
735.469,159,230,1,-0.0003392804,-0.0189002,-0.2528612,-0.07755052,-0.04797786,0.9958333
735.4867,159,230,1,-0.0003395012,-0.01890789,-0.2528533,-0.07756207,-0.04790903,0.9958358
735.5026,159,230,1,-0.0003402014,-0.01891433,-0.2528422,-0.07756979,-0.04784715,0.9958382
735.5195,159,231,1,-0.000362782,-0.01892,-0.2528332,-0.07758414,-0.04774754,0.9958418
735.5363,159,231,1,-0.000386869,-0.01892728,-0.2528229,-0.07759895,-0.04765531,0.995845
735.5532,159,232,1,-0.0003968069,-0.01893563,-0.2528113,-0.07760541,-0.04734913,0.9958591
735.5706,159,233,1,-0.0004075138,-0.01894233,-0.2527986,-0.07761358,-0.04705501,0.9958725
735.5874,158,241,1,-0.0002472887,-0.01893628,-0.252795,-0.07770675,-0.04417531,0.9959971
735.604,158,249,1,-9.596157E-05,-0.01893563,-0.2527891,-0.07779753,-0.04140832,0.9961089
735.6194,158,257,1,0.0001208086,-0.01894085,-0.2527844,-0.07783064,-0.03880914,0.9962109
735.6375,159,264,1,0.0003279767,-0.0189445,-0.252777,-0.0778636,-0.0363315,0.9963018
735.6534,159,271,1,0.0004168321,-0.01894179,-0.2527651,-0.07785526,-0.03394522,0.9963866
